18059
9418
-1713
-11496
-16534
-15211
-8357
1031
8917
11797
8084
-1218
-12849
-22514
-26529
-23275
-13871
-1801
8394
12848
9890
725
-10974
-20446
-23669
-18935
-7559
6561
18392
23679
20586
10444
-2711
-13641
-17899
-13544
-1929
12758
25052
30268
26298
14456
-978
-14331
-20667
-17663
-6518
8462
21457
27306
23469
11006
-5774
-20897
-28936
-27045
-16037
-104
14720
22794
20968
9765
-6795
-22667
-32000
-31300
-20718
-4000
12874
23887
25169
16411
965
-15387
-26546
-28300
-19850
-4073
13529
26826
31256
25441
11645
-5076
-18700
-24392
-20189
-7659
8715
23148
30602
28531
17714
1922
-13448
-23267
-24422
-16831
-3389
11096
21583
24502
18913
6739
-7958
-20387
-26624
-24873
-15971
-3032
9639
17967
19396
13649
2740
-9740
-19787
-24244
-21747
-13100
-965
10978
19176
21264
16758
7176
-4439
-14441
-19673
-18421
-10935
633
12849
22026
25331
21668
12052
-661
-12605
-20080
-20699
-14173
-2451
10832
21457
25938
22647
12368
-1887
-15795
-25064
-26800
-20444
-7990
6628
18760
24517
22006
11945
-2565
-17017
-26919
-29208
-23199
-10775
4232
17250
24401
23669
15483
2519
-11168
-21407
-25168
-21421
-11375
1965
14733
23358
25566
20968
11090
-1142
-12260
-19223
-20223
-15115
-5400
6222
16588
22902
23457
18059
8075
-3914
-14777
-21643
-22657
-17502
-7522
4590
15485
22056
22311
15971
4606
-8746
-20398
-27046
-26730
-19427
-7098
6838
18476
24539
23330
15225
2560
-11045
-21732
-26502
-24053
-15108
-2167
11239
21549
26144
24017
15971
4323
-7776
-17197
-21621
-20083
-13136
-2635
8763
18268
23606
23526
18059
8489
-2946
-13562
-20838
-23005
-19481
-11052
267
11676
20259
23712
20968
12527
383
-12441
-22663
-27606
-25928
-18004
-5845
7424
18395
24287
23669
16818
5607
-7024
-17859
-24235
-24684
-19241
-9353
2546
13669
21536
24517
22132
15089
5067
-5680
-14799
-20317
-21031
-16747
-8336
2419
13163
21457
25314
23678
16721
5871
-6463
-17429
-24420
-25724
-20983
-11311
959
12849
21485
24807
22068
13994
2558
-9539
-19542
-25284
-25652
-20766
-11866
-965
9624
17777
21952
21443
16461
8062
-2065
-11894
-19424
-23048
-21879
-15971
-6373
5030
15861
23757
26906
24499
16961
5903
-6233
-16737
-23271
-24422
-20023
-11162
111
11288
19989
24475
23976
18770
10044
-416
-10612
-18700
-23295
-23657
-19781
-12379
-2769
7311
15978
21522
22742
19222
11487
965
-10251
-19829
-25702
-26549
-22114
-13285
-1896
9694
19137
24611
25185
20968
13006
2996
-7104
-15461
-20676
-21967
-19232
-13003
-4332
5360
14477
21457
25012
24365
19433
10925
277
-10569
-19528
-24816
-25342
-20980
-12608
-1929
8910
17788
23056
23845
20191
12943
3525
-6384
-15155
-21460
-24420
-23669
-19357
-12113
-2981
6682
15358
21579
24181
22552
16818
7890
-2653
-12849
-20754
-24847
-24360
-19430
-11044
-799
9453
17986
23500
25298
23321
18059
10404
1491
-7445
-15191
-20659
-23005
-21757
-16939
-9148
462
10321
18700
24045
25308
22190
15218
5640
-4844
-14439
-21608
-25340
-25269
-21651
-15225
-7027
1790
10098
16879
21285
22705
20836
15778
8096
-1172
-10624
-18700
-23972
-25441
-22772
-16379
-7351
2781
12357
19920
24457
25518
23206
18059
10890
2640
-5721
-13257
-19095
-22481
-22858
-19989
-14074
-5806
3656
12849
20266
24646
25246
21992
15479
6820
-2601
-11411
-18481
-23056
-24787
-23669
-19955
-14081
-6633
1654
9893
17081
22204
24405
23182
18546
11092
1929
-7512
-15762
-21596
-24256
-23547
-19797
-13715
-6196
1846
9585
16321
21457
24483
24989
22729
17732
10397
1532
-7714
-16021
-22145
-25174
-24716
-20968
-14640
-6773
1494
9135
15371
19708
21890
21819
19503
15047
8707
965
-7428
-15482
-22095
-26251
-27249
-24871
-19453
-11819
-3093
5535
13038
18700
22153
23322
22317
19329
14588
8382
1129
-6558
-13863
-19839
-23581
-24422
-22115
-16924
-9590
-1174
7172
14433
19894
23197
24289
23309
20466
15971
10044
2982
-4745
-12454
-19277
-24297
-26740
-26172
-22629
-16627
-9055
-965
6644
13015
17704
20554
21593
20902
18542
14554
9029
2231
-5323
-12849
-19399
-24036
-26058
-25165
-21528
-15740
-8647
-1141
6025
12341
17529
21457
24013
25025
24253
21476
16634
9959
2038
-6239
-13837
-19796
-23443
-24517
-23180
-19905
-15296
-9912
-4159
1719
7554
13129
18079
21873
23908
23669
20915
15805
8912
1115
-6600
-13370
-18614
-22103
-23896
-24197
-23197
-20968
-17460
-12591
-6398
826
8486
15743
21690
25567
26954
25860
22682
18059
12660
7015
1417
-4034
-9317
-14331
-18783
-22181
-23940
-23566
-20847
-15971
-9525
-2361
4618
10679
15404
18712
20760
21773
21868
20971
18845
15225
10002
3378
-4090
-11568
-18137
-23030
-25819
-26486
-25363
-22954
-19732
-15971
-11708
-6814
-1170
5150
11774
18041
23148
26372
27287
25890
22591
18059
13001
7947
3130
-1493
-6103
-10816
-15513
-19783
-22995
-24496
-23840
-20968
-16258
-10422
-4298
1405
6285
10299
13668
16678
19463
21872
23466
23669
21993
18259
12725
6045
-904
-7282
-12523
-16457
-19280
-21381
-23097
-24517
-25397
-25244
-23518
-19885
-14408
-7595
-281
6616
12371
16646
19539
21457
22879
24102
25082
25428
24565
21994
17541
11492
4560
-2327
-8307
-12849
-15890
-17778
-19066
-20232
-21438
-22437
-22666
-21488
-18479
-13655
-7527
-965
5073
9861
13118
15058
16236
17267
18525
19955
21073
21157
19552
15971
10658
4345
-1978
-7399
-11385
-13940
-15532
-16853
-18474
-20568
-22796
-24422
-24597
-22713
-18678
-12984
-6565
-463
4534
8155
10704
12871
15395
18700
22670
26637
29620
30696
29370
25782
20675
15121
10120
6231
3387
965
-1907
-5941
-11329
-17604
-23767
-28638
-31299
-31440
-29475
-26370
-23255
-20968
-19727
-19049
-17972
-15477
-10948
-4480
3100
10503
16452
20150
21574
21457
20968
21213
22764
25396
28165
29776
29120
25739
20056
13241
6785
1929
-802
-1795
-2164
-3271
-6140
-10996
-17126
-23122
-27418
-28907
-27390
-23669
-19240
-15705
-14131
-14619
-16263
-17515
-16828
-13311
-7137
479
7717
12849
14916
14106
11682
9477
9139
11456
15998
21264
25260
26299
23690
18059
11128
5068
1644
1513
3952
7137
8874
7494
2561
-4909
-12798
-18700
-20869
-18920
-14014
-8417
-4615
-4318
-7760
-13564
-19267
-22285
-20953
-15225
-6743
1762
7525
8834
5726
0
-5467
-7857
-5543
1223
10352
18700
23283
22460
16616
8054
133
-4038
-2834
3216
11587
18719
21401
0
0
0
0
0
0
0
0
0
0
0
0
0
0
0
0
0
0
0
0
0
0
0
0
0
0
0
0
0
0
0
0
0
0
0
0
0
0
0
0
0
0
0
0
0
0
0
0
0
0
0
0
0
0
0
0
0
0
0
0
0
0
0
0
0
0
0
0
0
0
0
0
0
0
0
0
0
0
0
0
0
0
0
0
0
0
0
0
0
0
0
0
0
0
0
0
0
0
0
0
0
0
0
0
0
0
0
0
0
0
0
0
0
0
0
0
0
0
0
0
0
0
0
0
0
0
0
0
0
0
0
0
0
0
0
0
0
0
0
0
0
0
0
0
0
0
0
0
0
0
0
0
0
0
0
0
0
0
0
0
0
0
0
0
0
0
0
0
0
0
0
0
0
0
0
0
0
0
0
0
0
0
0
0
0
0
0
0
0
0
0
0
0
0
0
0
0
0
0
0
0
0
0
0
0
0
0
0
0
0
0
0
0
0
0
0
0
0
0
0
0
0
0
0
0
0
0
0
0
0
0
0
0
0
0
0
0
0
0
0
0
0
0
0
0
0
0
0
0
0
0
0
0
0
0
0
0
0
0
0
0
0
0
0
0
0
0
0
0
0
0
0
0
0
0
0
0
0
0
0
0
0
0
0
0
0
0
0
0
0
0
0
0
0
0
0
0
0
0
0
0
0
0
0
0
0
0
0
0
0
0
0
0
0
0
0
0
0
0
0
0
0
0
0
0
0
0
0
0
0
0
0
0
0
0
0
0
0
0
0
0
0
0
0
0
0
0
0
0
0
0
0
0
0
0
0
0
0
0
0
-18059
-9418
1713
11496
16534
15211
8357
-1031
-8917
-11797
-8084
1218
12849
22514
26529
23275
13871
1801
-8394
-12848
-9890
-725
10974
20446
23669
18935
7559
-6561
-18392
-23679
-20586
-10444
2711
13641
17899
13544
1929
-12758
-25052
-30268
-26298
-14456
978
14331
20667
17663
6518
-8462
-21457
-27306
-23469
-11006
5774
20897
28936
27045
16037
104
-14720
-22794
-20968
-9765
6795
22667
32000
31300
20718
4000
-12874
-23887
-25169
-16411
-965
15387
26546
28300
19850
4073
-13529
-26826
-31256
-25441
-11645
5076
18700
24392
20189
7659
-8715
-23148
-30602
-28531
-17714
-1922
13448
23267
24422
16831
3389
-11096
-21583
-24502
-18913
-6739
7958
20387
26624
24873
15971
3032
-9639
-17967
-19396
-13649
-2740
9740
19787
24244
21747
13100
965
-10978
-19176
-21264
-16758
-7176
4439
14441
19673
18421
10935
-633
-12849
-22026
-25331
-21668
-12052
661
12605
20080
20699
14173
2451
-10832
-21457
-25938
-22647
-12368
1887
15795
25064
26800
20444
7990
-6628
-18760
-24517
-22006
-11945
2565
17017
26919
29208
23199
10775
-4232
-17250
-24401
-23669
-15483
-2519
11168
21407
25168
21421
11375
-1965
-14733
-23358
-25566
-20968
-11090
1142
12260
19223
20223
15115
5400
-6222
-16588
-22902
-23457
-18059
-8075
3914
14777
21643
22657
17502
7522
-4590
-15485
-22056
-22311
-15971
-4606
8746
20398
27046
26730
19427
7098
-6838
-18476
-24539
-23330
-15225
-2560
11045
21732
26502
24053
15108
2167
-11239
-21549
-26144
-24017
-15971
-4323
7776
17197
21621
20083
13136
2635
-8763
-18268
-23606
-23526
-18059
-8489
2946
13562
20838
23005
19481
11052
-267
-11676
-20259
-23712
-20968
-12527
-383
12441
22663
27606
25928
18004
5845
-7424
-18395
-24287
-23669
-16818
-5607
7024
17859
24235
24684
19241
9353
-2546
-13669
-21536
-24517
-22132
-15089
-5067
5680
14799
20317
21031
16747
8336
-2419
-13163
-21457
-25314
-23678
-16721
-5871
6463
17429
24420
25724
20983
11311
-959
-12849
-21485
-24807
-22068
-13994
-2558
9539
19542
25284
25652
20766
11866
965
-9624
-17777
-21952
-21443
-16461
-8062
2065
11894
19424
23048
21879
15971
6373
-5030
-15861
-23757
-26906
-24499
-16961
-5903
6233
16737
23271
24422
20023
11162
-111
-11288
-19989
-24475
-23976
-18770
-10044
416
10612
18700
23295
23657
19781
12379
2769
-7311
-15978
-21522
-22742
-19222
-11487
-965
10251
19829
25702
26549
22114
13285
1896
-9694
-19137
-24611
-25185
-20968
-13006
-2996
7104
15461
20676
21967
19232
13003
4332
-5360
-14477
-21457
-25012
-24365
-19433
-10925
-277
10569
19528
24816
25342
20980
12608
1929
-8910
-17788
-23056
-23845
-20191
-12943
-3525
6384
15155
21460
24420
23669
19357
12113
2981
-6682
-15358
-21579
-24181
-22552
-16818
-7890
2653
12849
20754
24847
24360
19430
11044
799
-9453
-17986
-23500
-25298
-23321
-18059
-10404
-1491
7445
15191
20659
23005
21757
16939
9148
-462
-10321
-18700
-24045
-25308
-22190
-15218
-5640
4844
14439
21608
25340
25269
21651
15225
7027
-1790
-10098
-16879
-21285
-22705
-20836
-15778
-8096
1172
10624
18700
23972
25441
22772
16379
7351
-2781
-12357
-19920
-24457
-25518
-23206
-18059
-10890
-2640
5721
13257
19095
22481
22858
19989
14074
5806
-3656
-12849
-20266
-24646
-25246
-21992
-15479
-6820
2601
11411
18481
23056
24787
23669
19955
14081
6633
-1654
-9893
-17081
-22204
-24405
-23182
-18546
-11092
-1929
7512
15762
21596
24256
23547
19797
13715
6196
-1846
-9585
-16321
-21457
-24483
-24989
-22729
-17732
-10397
-1532
7714
16021
22145
25174
24716
20968
14640
6773
-1494
-9135
-15371
-19708
-21890
-21819
-19503
-15047
-8707
-965
7428
15482
22095
26251
27249
24871
19453
11819
3093
-5535
-13038
-18700
-22153
-23322
-22317
-19329
-14588
-8382
-1129
6558
13863
19839
23581
24422
22115
16924
9590
1174
-7172
-14433
-19894
-23197
-24289
-23309
-20466
-15971
-10044
-2982
4745
12454
19277
24297
26740
26172
22629
16627
9055
965
-6644
-13015
-17704
-20554
-21593
-20902
-18542
-14554
-9029
-2231
5323
12849
19399
24036
26058
25165
21528
15740
8647
1141
-6025
-12341
-17529
-21457
-24013
-25025
-24253
-21476
-16634
-9959
-2038
6239
13837
19796
23443
24517
23180
19905
15296
9912
4159
-1719
-7554
-13129
-18079
-21873
-23908
-23669
-20915
-15805
-8912
-1115
6600
13370
18614
22103
23896
24197
23197
20968
17460
12591
6398
-826
-8486
-15743
-21690
-25567
-26954
-25860
-22682
-18059
-12660
-7015
-1417
4034
9317
14331
18783
22181
23940
23566
20847
15971
9525
2361
-4618
-10679
-15404
-18712
-20760
-21773
-21868
-20971
-18845
-15225
-10002
-3378
4090
11568
18137
23030
25819
26486
25363
22954
19732
15971
11708
6814
1170
-5150
-11774
-18041
-23148
-26372
-27287
-25890
-22591
-18059
-13001
-7947
-3130
1493
6103
10816
15513
19783
22995
24496
23840
20968
16258
10422
4298
-1405
-6285
-10299
-13668
-16678
-19463
-21872
-23466
-23669
-21993
-18259
-12725
-6045
904
7282
12523
16457
19280
21381
23097
24517
25397
25244
23518
19885
14408
7595
281
-6616
-12371
-16646
-19539
-21457
-22879
-24102
-25082
-25428
-24565
-21994
-17541
-11492
-4560
2327
8307
12849
15890
17778
19066
20232
21438
22437
22666
21488
18479
13655
7527
965
-5073
-9861
-13118
-15058
-16236
-17267
-18525
-19955
-21073
-21157
-19552
-15971
-10658
-4345
1978
7399
11385
13940
15532
16853
18474
20568
22796
24422
24597
22713
18678
12984
6565
463
-4534
-8155
-10704
-12871
-15395
-18700
-22670
-26637
-29620
-30696
-29370
-25782
-20675
-15121
-10120
-6231
-3387
-965
1907
5941
11329
17604
23767
28638
31299
31440
29475
26370
23255
20968
19727
19049
17972
15477
10948
4480
-3100
-10503
-16452
-20150
-21574
-21457
-20968
-21213
-22764
-25396
-28165
-29776
-29120
-25739
-20056
-13241
-6785
-1929
802
1795
2164
3271
6140
10996
17126
23122
27418
28907
27390
23669
19240
15705
14131
14619
16263
17515
16828
13311
7137
-479
-7717
-12849
-14916
-14106
-11682
-9477
-9139
-11456
-15998
-21264
-25260
-26299
-23690
-18059
-11128
-5068
-1644
-1513
-3952
-7137
-8874
-7494
-2561
4909
12798
18700
20869
18920
14014
8417
4615
4318
7760
13564
19267
22285
20953
15225
6743
-1762
-7525
-8834
-5726
0
5467
7857
5543
-1223
-10352
-18700
-23283
-22460
-16616
-8054
-133
4038
2834
-3216
-11587
-18719
-21401
0
0
0
0
0
0
0
0
0
0
0
0
0
0
0
0
0
0
0
0
0
0
0
0
0
0
0
0
0
0
0
0
0
0
0
0
0
0
0
0
0
0
0
0
0
0
0
0
0
0
0
0
0
0
0
0
0
0
0
0
0
0
0
0
0
0
0
0
0
0
0
0
0
0
0
0
0
0
0
0
0
0
0
0
0
0
0
0
0
0
0
0
0
0
0
0
0
0
0
0
0
0
0
0
0
0
0
0
0
0
0
0
0
0
0
0
0
0
0
0
0
0
0
0
0
0
0
0
0
0
0
0
0
0
0
0
0
0
0
0
0
0
0
0
0
0
0
0
0
0
0
0
0
0
0
0
0
0
0
0
0
0
0
0
0
0
0
0
0
0
0
0
0
0
0
0
0
0
0
0
0
0
0
0
0
0
0
0
0
0
0
0
0
0
0
0
0
0
0
0
0
0
0
0
0
0
0
0
0
0
0
0
0
0
0
0
0
0
0
0
0
0
0
0
0
0
0
0
0
0
0
0
0
0
0
0
0
0
0
0
0
0
0
0
0
0
0
0
0
0
0
0
0
0
0
0
0
0
0
0
0
0
0
0
0
0
0
0
0
0
0
0
0
0
0
0
0
0
0
0
0
0
0
0
0
0
0
0
0
0
0
0
0
0
0
0
0
0
0
0
0
0
0
0
0
0
0
0
0
0
0
0
0
0
0
0
0
0
0
0
0
0
0
0
0
0
0
0
0
0
0
0
0
0
0
0
0
0
0
0
0
0
0
0
0
0
0
0
0
0
0
0
0
0
0
0
0
0
0
0
-18059
-9418
1713
11496
16534
15211
8357
-1031
-8917
-11797
-8084
1218
12849
22514
26529
23275
13871
1801
-8394
-12848
-9890
-725
10974
20446
23669
18935
7559
-6561
-18392
-23679
-20586
-10444
2711
13641
17899
13544
1929
-12758
-25052
-30268
-26298
-14456
978
14331
20667
17663
6518
-8462
-21457
-27306
-23469
-11006
5774
20897
28936
27045
16037
104
-14720
-22794
-20968
-9765
6795
22667
32000
31300
20718
4000
-12874
-23887
-25169
-16411
-965
15387
26546
28300
19850
4073
-13529
-26826
-31256
-25441
-11645
5076
18700
24392
20189
7659
-8715
-23148
-30602
-28531
-17714
-1922
13448
23267
24422
16831
3389
-11096
-21583
-24502
-18913
-6739
7958
20387
26624
24873
15971
3032
-9639
-17967
-19396
-13649
-2740
9740
19787
24244
21747
13100
965
-10978
-19176
-21264
-16758
-7176
4439
14441
19673
18421
10935
-633
-12849
-22026
-25331
-21668
-12052
661
12605
20080
20699
14173
2451
-10832
-21457
-25938
-22647
-12368
1887
15795
25064
26800
20444
7990
-6628
-18760
-24517
-22006
-11945
2565
17017
26919
29208
23199
10775
-4232
-17250
-24401
-23669
-15483
-2519
11168
21407
25168
21421
11375
-1965
-14733
-23358
-25566
-20968
-11090
1142
12260
19223
20223
15115
5400
-6222
-16588
-22902
-23457
-18059
-8075
3914
14777
21643
22657
17502
7522
-4590
-15485
-22056
-22311
-15971
-4606
8746
20398
27046
26730
19427
7098
-6838
-18476
-24539
-23330
-15225
-2560
11045
21732
26502
24053
15108
2167
-11239
-21549
-26144
-24017
-15971
-4323
7776
17197
21621
20083
13136
2635
-8763
-18268
-23606
-23526
-18059
-8489
2946
13562
20838
23005
19481
11052
-267
-11676
-20259
-23712
-20968
-12527
-383
12441
22663
27606
25928
18004
5845
-7424
-18395
-24287
-23669
-16818
-5607
7024
17859
24235
24684
19241
9353
-2546
-13669
-21536
-24517
-22132
-15089
-5067
5680
14799
20317
21031
16747
8336
-2419
-13163
-21457
-25314
-23678
-16721
-5871
6463
17429
24420
25724
20983
11311
-959
-12849
-21485
-24807
-22068
-13994
-2558
9539
19542
25284
25652
20766
11866
965
-9624
-17777
-21952
-21443
-16461
-8062
2065
11894
19424
23048
21879
15971
6373
-5030
-15861
-23757
-26906
-24499
-16961
-5903
6233
16737
23271
24422
20023
11162
-111
-11288
-19989
-24475
-23976
-18770
-10044
416
10612
18700
23295
23657
19781
12379
2769
-7311
-15978
-21522
-22742
-19222
-11487
-965
10251
19829
25702
26549
22114
13285
1896
-9694
-19137
-24611
-25185
-20968
-13006
-2996
7104
15461
20676
21967
19232
13003
4332
-5360
-14477
-21457
-25012
-24365
-19433
-10925
-277
10569
19528
24816
25342
20980
12608
1929
-8910
-17788
-23056
-23845
-20191
-12943
-3525
6384
15155
21460
24420
23669
19357
12113
2981
-6682
-15358
-21579
-24181
-22552
-16818
-7890
2653
12849
20754
24847
24360
19430
11044
799
-9453
-17986
-23500
-25298
-23321
-18059
-10404
-1491
7445
15191
20659
23005
21757
16939
9148
-462
-10321
-18700
-24045
-25308
-22190
-15218
-5640
4844
14439
21608
25340
25269
21651
15225
7027
-1790
-10098
-16879
-21285
-22705
-20836
-15778
-8096
1172
10624
18700
23972
25441
22772
16379
7351
-2781
-12357
-19920
-24457
-25518
-23206
-18059
-10890
-2640
5721
13257
19095
22481
22858
19989
14074
5806
-3656
-12849
-20266
-24646
-25246
-21992
-15479
-6820
2601
11411
18481
23056
24787
23669
19955
14081
6633
-1654
-9893
-17081
-22204
-24405
-23182
-18546
-11092
-1929
7512
15762
21596
24256
23547
19797
13715
6196
-1846
-9585
-16321
-21457
-24483
-24989
-22729
-17732
-10397
-1532
7714
16021
22145
25174
24716
20968
14640
6773
-1494
-9135
-15371
-19708
-21890
-21819
-19503
-15047
-8707
-965
7428
15482
22095
26251
27249
24871
19453
11819
3093
-5535
-13038
-18700
-22153
-23322
-22317
-19329
-14588
-8382
-1129
6558
13863
19839
23581
24422
22115
16924
9590
1174
-7172
-14433
-19894
-23197
-24289
-23309
-20466
-15971
-10044
-2982
4745
12454
19277
24297
26740
26172
22629
16627
9055
965
-6644
-13015
-17704
-20554
-21593
-20902
-18542
-14554
-9029
-2231
5323
12849
19399
24036
26058
25165
21528
15740
8647
1141
-6025
-12341
-17529
-21457
-24013
-25025
-24253
-21476
-16634
-9959
-2038
6239
13837
19796
23443
24517
23180
19905
15296
9912
4159
-1719
-7554
-13129
-18079
-21873
-23908
-23669
-20915
-15805
-8912
-1115
6600
13370
18614
22103
23896
24197
23197
20968
17460
12591
6398
-826
-8486
-15743
-21690
-25567
-26954
-25860
-22682
-18059
-12660
-7015
-1417
4034
9317
14331
18783
22181
23940
23566
20847
15971
9525
2361
-4618
-10679
-15404
-18712
-20760
-21773
-21868
-20971
-18845
-15225
-10002
-3378
4090
11568
18137
23030
25819
26486
25363
22954
19732
15971
11708
6814
1170
-5150
-11774
-18041
-23148
-26372
-27287
-25890
-22591
-18059
-13001
-7947
-3130
1493
6103
10816
15513
19783
22995
24496
23840
20968
16258
10422
4298
-1405
-6285
-10299
-13668
-16678
-19463
-21872
-23466
-23669
-21993
-18259
-12725
-6045
904
7282
12523
16457
19280
21381
23097
24517
25397
25244
23518
19885
14408
7595
281
-6616
-12371
-16646
-19539
-21457
-22879
-24102
-25082
-25428
-24565
-21994
-17541
-11492
-4560
2327
8307
12849
15890
17778
19066
20232
21438
22437
22666
21488
18479
13655
7527
965
-5073
-9861
-13118
-15058
-16236
-17267
-18525
-19955
-21073
-21157
-19552
-15971
-10658
-4345
1978
7399
11385
13940
15532
16853
18474
20568
22796
24422
24597
22713
18678
12984
6565
463
-4534
-8155
-10704
-12871
-15395
-18700
-22670
-26637
-29620
-30696
-29370
-25782
-20675
-15121
-10120
-6231
-3387
-965
1907
5941
11329
17604
23767
28638
31299
31440
29475
26370
23255
20968
19727
19049
17972
15477
10948
4480
-3100
-10503
-16452
-20150
-21574
-21457
-20968
-21213
-22764
-25396
-28165
-29776
-29120
-25739
-20056
-13241
-6785
-1929
802
1795
2164
3271
6140
10996
17126
23122
27418
28907
27390
23669
19240
15705
14131
14619
16263
17515
16828
13311
7137
-479
-7717
-12849
-14916
-14106
-11682
-9477
-9139
-11456
-15998
-21264
-25260
-26299
-23690
-18059
-11128
-5068
-1644
-1513
-3952
-7137
-8874
-7494
-2561
4909
12798
18700
20869
18920
14014
8417
4615
4318
7760
13564
19267
22285
20953
15225
6743
-1762
-7525
-8834
-5726
0
5467
7857
5543
-1223
-10352
-18700
-23283
-22460
-16616
-8054
-133
4038
2834
-3216
-11587
-18719
-21401
0
0
0
0
0
0
0
0
0
0
0
0
0
0
0
0
0
0
0
0
0
0
0
0
0
0
0
0
0
0
0
0
0
0
0
0
0
0
0
0
0
0
0
0
0
0
0
0
0
0
0
0
0
0
0
0
0
0
0
0
0
0
0
0
0
0
0
0
0
0
0
0
0
0
0
0
0
0
0
0
0
0
0
0
0
0
0
0
0
0
0
0
0
0
0
0
0
0
0
0
0
0
0
0
0
0
0
0
0
0
0
0
0
0
0
0
0
0
0
0
0
0
0
0
0
0
0
0
0
0
0
0
0
0
0
0
0
0
0
0
0
0
0
0
0
0
0
0
0
0
0
0
0
0
0
0
0
0
0
0
0
0
0
0
0
0
0
0
0
0
0
0
0
0
0
0
0
0
0
0
0
0
0
0
0
0
0
0
0
0
0
0
0
0
0
0
0
0
0
0
0
0
0
0
0
0
0
0
0
0
0
0
0
0
0
0
0
0
0
0
0
0
0
0
0
0
0
0
0
0
0
0
0
0
0
0
0
0
0
0
0
0
0
0
0
0
0
0
0
0
0
0
0
0
0
0
0
0
0
0
0
0
0
0
0
0
0
0
0
0
0
0
0
0
0
0
0
0
0
0
0
0
0
0
0
0
0
0
0
0
0
0
0
0
0
0
0
0
0
0
0
0
0
0
0
0
0
0
0
0
0
0
0
0
0
0
0
0
0
0
0
0
0
0
0
0
0
0
0
0
0
0
0
0
0
0
0
0
0
0
0
0
0
0
0
0
0
0
0
0
0
0
0
0
0
0
0
0
0
0
-18059
-9418
1713
11496
16534
15211
8357
-1031
-8917
-11797
-8084
1218
12849
22514
26529
23275
13871
1801
-8394
-12848
-9890
-725
10974
20446
23669
18935
7559
-6561
-18392
-23679
-20586
-10444
2711
13641
17899
13544
1929
-12758
-25052
-30268
-26298
-14456
978
14331
20667
17663
6518
-8462
-21457
-27306
-23469
-11006
5774
20897
28936
27045
16037
104
-14720
-22794
-20968
-9765
6795
22667
32000
31300
20718
4000
-12874
-23887
-25169
-16411
-965
15387
26546
28300
19850
4073
-13529
-26826
-31256
-25441
-11645
5076
18700
24392
20189
7659
-8715
-23148
-30602
-28531
-17714
-1922
13448
23267
24422
16831
3389
-11096
-21583
-24502
-18913
-6739
7958
20387
26624
24873
15971
3032
-9639
-17967
-19396
-13649
-2740
9740
19787
24244
21747
13100
965
-10978
-19176
-21264
-16758
-7176
4439
14441
19673
18421
10935
-633
-12849
-22026
-25331
-21668
-12052
661
12605
20080
20699
14173
2451
-10832
-21457
-25938
-22647
-12368
1887
15795
25064
26800
20444
7990
-6628
-18760
-24517
-22006
-11945
2565
17017
26919
29208
23199
10775
-4232
-17250
-24401
-23669
-15483
-2519
11168
21407
25168
21421
11375
-1965
-14733
-23358
-25566
-20968
-11090
1142
12260
19223
20223
15115
5400
-6222
-16588
-22902
-23457
-18059
-8075
3914
14777
21643
22657
17502
7522
-4590
-15485
-22056
-22311
-15971
-4606
8746
20398
27046
26730
19427
7098
-6838
-18476
-24539
-23330
-15225
-2560
11045
21732
26502
24053
15108
2167
-11239
-21549
-26144
-24017
-15971
-4323
7776
17197
21621
20083
13136
2635
-8763
-18268
-23606
-23526
-18059
-8489
2946
13562
20838
23005
19481
11052
-267
-11676
-20259
-23712
-20968
-12527
-383
12441
22663
27606
25928
18004
5845
-7424
-18395
-24287
-23669
-16818
-5607
7024
17859
24235
24684
19241
9353
-2546
-13669
-21536
-24517
-22132
-15089
-5067
5680
14799
20317
21031
16747
8336
-2419
-13163
-21457
-25314
-23678
-16721
-5871
6463
17429
24420
25724
20983
11311
-959
-12849
-21485
-24807
-22068
-13994
-2558
9539
19542
25284
25652
20766
11866
965
-9624
-17777
-21952
-21443
-16461
-8062
2065
11894
19424
23048
21879
15971
6373
-5030
-15861
-23757
-26906
-24499
-16961
-5903
6233
16737
23271
24422
20023
11162
-111
-11288
-19989
-24475
-23976
-18770
-10044
416
10612
18700
23295
23657
19781
12379
2769
-7311
-15978
-21522
-22742
-19222
-11487
-965
10251
19829
25702
26549
22114
13285
1896
-9694
-19137
-24611
-25185
-20968
-13006
-2996
7104
15461
20676
21967
19232
13003
4332
-5360
-14477
-21457
-25012
-24365
-19433
-10925
-277
10569
19528
24816
25342
20980
12608
1929
-8910
-17788
-23056
-23845
-20191
-12943
-3525
6384
15155
21460
24420
23669
19357
12113
2981
-6682
-15358
-21579
-24181
-22552
-16818
-7890
2653
12849
20754
24847
24360
19430
11044
799
-9453
-17986
-23500
-25298
-23321
-18059
-10404
-1491
7445
15191
20659
23005
21757
16939
9148
-462
-10321
-18700
-24045
-25308
-22190
-15218
-5640
4844
14439
21608
25340
25269
21651
15225
7027
-1790
-10098
-16879
-21285
-22705
-20836
-15778
-8096
1172
10624
18700
23972
25441
22772
16379
7351
-2781
-12357
-19920
-24457
-25518
-23206
-18059
-10890
-2640
5721
13257
19095
22481
22858
19989
14074
5806
-3656
-12849
-20266
-24646
-25246
-21992
-15479
-6820
2601
11411
18481
23056
24787
23669
19955
14081
6633
-1654
-9893
-17081
-22204
-24405
-23182
-18546
-11092
-1929
7512
15762
21596
24256
23547
19797
13715
6196
-1846
-9585
-16321
-21457
-24483
-24989
-22729
-17732
-10397
-1532
7714
16021
22145
25174
24716
20968
14640
6773
-1494
-9135
-15371
-19708
-21890
-21819
-19503
-15047
-8707
-965
7428
15482
22095
26251
27249
24871
19453
11819
3093
-5535
-13038
-18700
-22153
-23322
-22317
-19329
-14588
-8382
-1129
6558
13863
19839
23581
24422
22115
16924
9590
1174
-7172
-14433
-19894
-23197
-24289
-23309
-20466
-15971
-10044
-2982
4745
12454
19277
24297
26740
26172
22629
16627
9055
965
-6644
-13015
-17704
-20554
-21593
-20902
-18542
-14554
-9029
-2231
5323
12849
19399
24036
26058
25165
21528
15740
8647
1141
-6025
-12341
-17529
-21457
-24013
-25025
-24253
-21476
-16634
-9959
-2038
6239
13837
19796
23443
24517
23180
19905
15296
9912
4159
-1719
-7554
-13129
-18079
-21873
-23908
-23669
-20915
-15805
-8912
-1115
6600
13370
18614
22103
23896
24197
23197
20968
17460
12591
6398
-826
-8486
-15743
-21690
-25567
-26954
-25860
-22682
-18059
-12660
-7015
-1417
4034
9317
14331
18783
22181
23940
23566
20847
15971
9525
2361
-4618
-10679
-15404
-18712
-20760
-21773
-21868
-20971
-18845
-15225
-10002
-3378
4090
11568
18137
23030
25819
26486
25363
22954
19732
15971
11708
6814
1170
-5150
-11774
-18041
-23148
-26372
-27287
-25890
-22591
-18059
-13001
-7947
-3130
1493
6103
10816
15513
19783
22995
24496
23840
20968
16258
10422
4298
-1405
-6285
-10299
-13668
-16678
-19463
-21872
-23466
-23669
-21993
-18259
-12725
-6045
904
7282
12523
16457
19280
21381
23097
24517
25397
25244
23518
19885
14408
7595
281
-6616
-12371
-16646
-19539
-21457
-22879
-24102
-25082
-25428
-24565
-21994
-17541
-11492
-4560
2327
8307
12849
15890
17778
19066
20232
21438
22437
22666
21488
18479
13655
7527
965
-5073
-9861
-13118
-15058
-16236
-17267
-18525
-19955
-21073
-21157
-19552
-15971
-10658
-4345
1978
7399
11385
13940
15532
16853
18474
20568
22796
24422
24597
22713
18678
12984
6565
463
-4534
-8155
-10704
-12871
-15395
-18700
-22670
-26637
-29620
-30696
-29370
-25782
-20675
-15121
-10120
-6231
-3387
-965
1907
5941
11329
17604
23767
28638
31299
31440
29475
26370
23255
20968
19727
19049
17972
15477
10948
4480
-3100
-10503
-16452
-20150
-21574
-21457
-20968
-21213
-22764
-25396
-28165
-29776
-29120
-25739
-20056
-13241
-6785
-1929
802
1795
2164
3271
6140
10996
17126
23122
27418
28907
27390
23669
19240
15705
14131
14619
16263
17515
16828
13311
7137
-479
-7717
-12849
-14916
-14106
-11682
-9477
-9139
-11456
-15998
-21264
-25260
-26299
-23690
-18059
-11128
-5068
-1644
-1513
-3952
-7137
-8874
-7494
-2561
4909
12798
18700
20869
18920
14014
8417
4615
4318
7760
13564
19267
22285
20953
15225
6743
-1762
-7525
-8834
-5726
0
5467
7857
5543
-1223
-10352
-18700
-23283
-22460
-16616
-8054
-133
4038
2834
-3216
-11587
-18719
-21401
0
0
0
0
0
0
0
0
0
0
0
0
0
0
0
0
0
0
0
0
0
0
0
0
0
0
0
0
0
0
0
0
0
0
0
0
0
0
0
0
0
0
0
0
0
0
0
0
0
0
0
0
0
0
0
0
0
0
0
0
0
0
0
0
0
0
0
0
0
0
0
0
0
0
0
0
0
0
0
0
0
0
0
0
0
0
0
0
0
0
0
0
0
0
0
0
0
0
0
0
0
0
0
0
0
0
0
0
0
0
0
0
0
0
0
0
0
0
0
0
0
0
0
0
0
0
0
0
0
0
0
0
0
0
0
0
0
0
0
0
0
0
0
0
0
0
0
0
0
0
0
0
0
0
0
0
0
0
0
0
0
0
0
0
0
0
0
0
0
0
0
0
0
0
0
0
0
0
0
0
0
0
0
0
0
0
0
0
0
0
0
0
0
0
0
0
0
0
0
0
0
0
0
0
0
0
0
0
0
0
0
0
0
0
0
0
0
0
0
0
0
0
0
0
0
0
0
0
0
0
0
0
0
0
0
0
0
0
0
0
0
0
0
0
0
0
0
0
0
0
0
0
0
0
0
0
0
0
0
0
0
0
0
0
0
0
0
0
0
0
0
0
0
0
0
0
0
0
0
0
0
0
0
0
0
0
0
0
0
0
0
0
0
0
0
0
0
0
0
0
0
0
0
0
0
0
0
0
0
0
0
0
0
0
0
0
0
0
0
0
0
0
0
0
0
0
0
0
0
0
0
0
0
0
0
0
0
0
0
0
0
0
0
0
0
0
0
0
0
0
0
0
0
0
0
0
0
0
0
0
-18059
-9418
1713
11496
16534
15211
8357
-1031
-8917
-11797
-8084
1218
12849
22514
26529
23275
13871
1801
-8394
-12848
-9890
-725
10974
20446
23669
18935
7559
-6561
-18392
-23679
-20586
-10444
2711
13641
17899
13544
1929
-12758
-25052
-30268
-26298
-14456
978
14331
20667
17663
6518
-8462
-21457
-27306
-23469
-11006
5774
20897
28936
27045
16037
104
-14720
-22794
-20968
-9765
6795
22667
32000
31300
20718
4000
-12874
-23887
-25169
-16411
-965
15387
26546
28300
19850
4073
-13529
-26826
-31256
-25441
-11645
5076
18700
24392
20189
7659
-8715
-23148
-30602
-28531
-17714
-1922
13448
23267
24422
16831
3389
-11096
-21583
-24502
-18913
-6739
7958
20387
26624
24873
15971
3032
-9639
-17967
-19396
-13649
-2740
9740
19787
24244
21747
13100
965
-10978
-19176
-21264
-16758
-7176
4439
14441
19673
18421
10935
-633
-12849
-22026
-25331
-21668
-12052
661
12605
20080
20699
14173
2451
-10832
-21457
-25938
-22647
-12368
1887
15795
25064
26800
20444
7990
-6628
-18760
-24517
-22006
-11945
2565
17017
26919
29208
23199
10775
-4232
-17250
-24401
-23669
-15483
-2519
11168
21407
25168
21421
11375
-1965
-14733
-23358
-25566
-20968
-11090
1142
12260
19223
20223
15115
5400
-6222
-16588
-22902
-23457
-18059
-8075
3914
14777
21643
22657
17502
7522
-4590
-15485
-22056
-22311
-15971
-4606
8746
20398
27046
26730
19427
7098
-6838
-18476
-24539
-23330
-15225
-2560
11045
21732
26502
24053
15108
2167
-11239
-21549
-26144
-24017
-15971
-4323
7776
17197
21621
20083
13136
2635
-8763
-18268
-23606
-23526
-18059
-8489
2946
13562
20838
23005
19481
11052
-267
-11676
-20259
-23712
-20968
-12527
-383
12441
22663
27606
25928
18004
5845
-7424
-18395
-24287
-23669
-16818
-5607
7024
17859
24235
24684
19241
9353
-2546
-13669
-21536
-24517
-22132
-15089
-5067
5680
14799
20317
21031
16747
8336
-2419
-13163
-21457
-25314
-23678
-16721
-5871
6463
17429
24420
25724
20983
11311
-959
-12849
-21485
-24807
-22068
-13994
-2558
9539
19542
25284
25652
20766
11866
965
-9624
-17777
-21952
-21443
-16461
-8062
2065
11894
19424
23048
21879
15971
6373
-5030
-15861
-23757
-26906
-24499
-16961
-5903
6233
16737
23271
24422
20023
11162
-111
-11288
-19989
-24475
-23976
-18770
-10044
416
10612
18700
23295
23657
19781
12379
2769
-7311
-15978
-21522
-22742
-19222
-11487
-965
10251
19829
25702
26549
22114
13285
1896
-9694
-19137
-24611
-25185
-20968
-13006
-2996
7104
15461
20676
21967
19232
13003
4332
-5360
-14477
-21457
-25012
-24365
-19433
-10925
-277
10569
19528
24816
25342
20980
12608
1929
-8910
-17788
-23056
-23845
-20191
-12943
-3525
6384
15155
21460
24420
23669
19357
12113
2981
-6682
-15358
-21579
-24181
-22552
-16818
-7890
2653
12849
20754
24847
24360
19430
11044
799
-9453
-17986
-23500
-25298
-23321
-18059
-10404
-1491
7445
15191
20659
23005
21757
16939
9148
-462
-10321
-18700
-24045
-25308
-22190
-15218
-5640
4844
14439
21608
25340
25269
21651
15225
7027
-1790
-10098
-16879
-21285
-22705
-20836
-15778
-8096
1172
10624
18700
23972
25441
22772
16379
7351
-2781
-12357
-19920
-24457
-25518
-23206
-18059
-10890
-2640
5721
13257
19095
22481
22858
19989
14074
5806
-3656
-12849
-20266
-24646
-25246
-21992
-15479
-6820
2601
11411
18481
23056
24787
23669
19955
14081
6633
-1654
-9893
-17081
-22204
-24405
-23182
-18546
-11092
-1929
7512
15762
21596
24256
23547
19797
13715
6196
-1846
-9585
-16321
-21457
-24483
-24989
-22729
-17732
-10397
-1532
7714
16021
22145
25174
24716
20968
14640
6773
-1494
-9135
-15371
-19708
-21890
-21819
-19503
-15047
-8707
-965
7428
15482
22095
26251
27249
24871
19453
11819
3093
-5535
-13038
-18700
-22153
-23322
-22317
-19329
-14588
-8382
-1129
6558
13863
19839
23581
24422
22115
16924
9590
1174
-7172
-14433
-19894
-23197
-24289
-23309
-20466
-15971
-10044
-2982
4745
12454
19277
24297
26740
26172
22629
16627
9055
965
-6644
-13015
-17704
-20554
-21593
-20902
-18542
-14554
-9029
-2231
5323
12849
19399
24036
26058
25165
21528
15740
8647
1141
-6025
-12341
-17529
-21457
-24013
-25025
-24253
-21476
-16634
-9959
-2038
6239
13837
19796
23443
24517
23180
19905
15296
9912
4159
-1719
-7554
-13129
-18079
-21873
-23908
-23669
-20915
-15805
-8912
-1115
6600
13370
18614
22103
23896
24197
23197
20968
17460
12591
6398
-826
-8486
-15743
-21690
-25567
-26954
-25860
-22682
-18059
-12660
-7015
-1417
4034
9317
14331
18783
22181
23940
23566
20847
15971
9525
2361
-4618
-10679
-15404
-18712
-20760
-21773
-21868
-20971
-18845
-15225
-10002
-3378
4090
11568
18137
23030
25819
26486
25363
22954
19732
15971
11708
6814
1170
-5150
-11774
-18041
-23148
-26372
-27287
-25890
-22591
-18059
-13001
-7947
-3130
1493
6103
10816
15513
19783
22995
24496
23840
20968
16258
10422
4298
-1405
-6285
-10299
-13668
-16678
-19463
-21872
-23466
-23669
-21993
-18259
-12725
-6045
904
7282
12523
16457
19280
21381
23097
24517
25397
25244
23518
19885
14408
7595
281
-6616
-12371
-16646
-19539
-21457
-22879
-24102
-25082
-25428
-24565
-21994
-17541
-11492
-4560
2327
8307
12849
15890
17778
19066
20232
21438
22437
22666
21488
18479
13655
7527
965
-5073
-9861
-13118
-15058
-16236
-17267
-18525
-19955
-21073
-21157
-19552
-15971
-10658
-4345
1978
7399
11385
13940
15532
16853
18474
20568
22796
24422
24597
22713
18678
12984
6565
463
-4534
-8155
-10704
-12871
-15395
-18700
-22670
-26637
-29620
-30696
-29370
-25782
-20675
-15121
-10120
-6231
-3387
-965
1907
5941
11329
17604
23767
28638
31299
31440
29475
26370
23255
20968
19727
19049
17972
15477
10948
4480
-3100
-10503
-16452
-20150
-21574
-21457
-20968
-21213
-22764
-25396
-28165
-29776
-29120
-25739
-20056
-13241
-6785
-1929
802
1795
2164
3271
6140
10996
17126
23122
27418
28907
27390
23669
19240
15705
14131
14619
16263
17515
16828
13311
7137
-479
-7717
-12849
-14916
-14106
-11682
-9477
-9139
-11456
-15998
-21264
-25260
-26299
-23690
-18059
-11128
-5068
-1644
-1513
-3952
-7137
-8874
-7494
-2561
4909
12798
18700
20869
18920
14014
8417
4615
4318
7760
13564
19267
22285
20953
15225
6743
-1762
-7525
-8834
-5726
0
5467
7857
5543
-1223
-10352
-18700
-23283
-22460
-16616
-8054
-133
4038
2834
-3216
-11587
-18719
-21401
0
0
0
0
0
0
0
0
0
0
0
0
0
0
0
0
0
0
0
0
0
0
0
0
0
0
0
0
0
0
0
0
0
0
0
0
0
0
0
0
0
0
0
0
0
0
0
0
0
0
0
0
0
0
0
0
0
0
0
0
0
0
0
0
0
0
0
0
0
0
0
0
0
0
0
0
0
0
0
0
0
0
0
0
0
0
0
0
0
0
0
0
0
0
0
0
0
0
0
0
0
0
0
0
0
0
0
0
0
0
0
0
0
0
0
0
0
0
0
0
0
0
0
0
0
0
0
0
0
0
0
0
0
0
0
0
0
0
0
0
0
0
0
0
0
0
0
0
0
0
0
0
0
0
0
0
0
0
0
0
0
0
0
0
0
0
0
0
0
0
0
0
0
0
0
0
0
0
0
0
0
0
0
0
0
0
0
0
0
0
0
0
0
0
0
0
0
0
0
0
0
0
0
0
0
0
0
0
0
0
0
0
0
0
0
0
0
0
0
0
0
0
0
0
0
0
0
0
0
0
0
0
0
0
0
0
0
0
0
0
0
0
0
0
0
0
0
0
0
0
0
0
0
0
0
0
0
0
0
0
0
0
0
0
0
0
0
0
0
0
0
0
0
0
0
0
0
0
0
0
0
0
0
0
0
0
0
0
0
0
0
0
0
0
0
0
0
0
0
0
0
0
0
0
0
0
0
0
0
0
0
0
0
0
0
0
0
0
0
0
0
0
0
0
0
0
0
0
0
0
0
0
0
0
0
0
0
0
0
0
0
0
0
0
0
0
0
0
0
0
0
0
0
0
0
0
0
0
0
0
-18059
-9418
1713
11496
16534
15211
8357
-1031
-8917
-11797
-8084
1218
12849
22514
26529
23275
13871
1801
-8394
-12848
-9890
-725
10974
20446
23669
18935
7559
-6561
-18392
-23679
-20586
-10444
2711
13641
17899
13544
1929
-12758
-25052
-30268
-26298
-14456
978
14331
20667
17663
6518
-8462
-21457
-27306
-23469
-11006
5774
20897
28936
27045
16037
104
-14720
-22794
-20968
-9765
6795
22667
32000
31300
20718
4000
-12874
-23887
-25169
-16411
-965
15387
26546
28300
19850
4073
-13529
-26826
-31256
-25441
-11645
5076
18700
24392
20189
7659
-8715
-23148
-30602
-28531
-17714
-1922
13448
23267
24422
16831
3389
-11096
-21583
-24502
-18913
-6739
7958
20387
26624
24873
15971
3032
-9639
-17967
-19396
-13649
-2740
9740
19787
24244
21747
13100
965
-10978
-19176
-21264
-16758
-7176
4439
14441
19673
18421
10935
-633
-12849
-22026
-25331
-21668
-12052
661
12605
20080
20699
14173
2451
-10832
-21457
-25938
-22647
-12368
1887
15795
25064
26800
20444
7990
-6628
-18760
-24517
-22006
-11945
2565
17017
26919
29208
23199
10775
-4232
-17250
-24401
-23669
-15483
-2519
11168
21407
25168
21421
11375
-1965
-14733
-23358
-25566
-20968
-11090
1142
12260
19223
20223
15115
5400
-6222
-16588
-22902
-23457
-18059
-8075
3914
14777
21643
22657
17502
7522
-4590
-15485
-22056
-22311
-15971
-4606
8746
20398
27046
26730
19427
7098
-6838
-18476
-24539
-23330
-15225
-2560
11045
21732
26502
24053
15108
2167
-11239
-21549
-26144
-24017
-15971
-4323
7776
17197
21621
20083
13136
2635
-8763
-18268
-23606
-23526
-18059
-8489
2946
13562
20838
23005
19481
11052
-267
-11676
-20259
-23712
-20968
-12527
-383
12441
22663
27606
25928
18004
5845
-7424
-18395
-24287
-23669
-16818
-5607
7024
17859
24235
24684
19241
9353
-2546
-13669
-21536
-24517
-22132
-15089
-5067
5680
14799
20317
21031
16747
8336
-2419
-13163
-21457
-25314
-23678
-16721
-5871
6463
17429
24420
25724
20983
11311
-959
-12849
-21485
-24807
-22068
-13994
-2558
9539
19542
25284
25652
20766
11866
965
-9624
-17777
-21952
-21443
-16461
-8062
2065
11894
19424
23048
21879
15971
6373
-5030
-15861
-23757
-26906
-24499
-16961
-5903
6233
16737
23271
24422
20023
11162
-111
-11288
-19989
-24475
-23976
-18770
-10044
416
10612
18700
23295
23657
19781
12379
2769
-7311
-15978
-21522
-22742
-19222
-11487
-965
10251
19829
25702
26549
22114
13285
1896
-9694
-19137
-24611
-25185
-20968
-13006
-2996
7104
15461
20676
21967
19232
13003
4332
-5360
-14477
-21457
-25012
-24365
-19433
-10925
-277
10569
19528
24816
25342
20980
12608
1929
-8910
-17788
-23056
-23845
-20191
-12943
-3525
6384
15155
21460
24420
23669
19357
12113
2981
-6682
-15358
-21579
-24181
-22552
-16818
-7890
2653
12849
20754
24847
24360
19430
11044
799
-9453
-17986
-23500
-25298
-23321
-18059
-10404
-1491
7445
15191
20659
23005
21757
16939
9148
-462
-10321
-18700
-24045
-25308
-22190
-15218
-5640
4844
14439
21608
25340
25269
21651
15225
7027
-1790
-10098
-16879
-21285
-22705
-20836
-15778
-8096
1172
10624
18700
23972
25441
22772
16379
7351
-2781
-12357
-19920
-24457
-25518
-23206
-18059
-10890
-2640
5721
13257
19095
22481
22858
19989
14074
5806
-3656
-12849
-20266
-24646
-25246
-21992
-15479
-6820
2601
11411
18481
23056
24787
23669
19955
14081
6633
-1654
-9893
-17081
-22204
-24405
-23182
-18546
-11092
-1929
7512
15762
21596
24256
23547
19797
13715
6196
-1846
-9585
-16321
-21457
-24483
-24989
-22729
-17732
-10397
-1532
7714
16021
22145
25174
24716
20968
14640
6773
-1494
-9135
-15371
-19708
-21890
-21819
-19503
-15047
-8707
-965
7428
15482
22095
26251
27249
24871
19453
11819
3093
-5535
-13038
-18700
-22153
-23322
-22317
-19329
-14588
-8382
-1129
6558
13863
19839
23581
24422
22115
16924
9590
1174
-7172
-14433
-19894
-23197
-24289
-23309
-20466
-15971
-10044
-2982
4745
12454
19277
24297
26740
26172
22629
16627
9055
965
-6644
-13015
-17704
-20554
-21593
-20902
-18542
-14554
-9029
-2231
5323
12849
19399
24036
26058
25165
21528
15740
8647
1141
-6025
-12341
-17529
-21457
-24013
-25025
-24253
-21476
-16634
-9959
-2038
6239
13837
19796
23443
24517
23180
19905
15296
9912
4159
-1719
-7554
-13129
-18079
-21873
-23908
-23669
-20915
-15805
-8912
-1115
6600
13370
18614
22103
23896
24197
23197
20968
17460
12591
6398
-826
-8486
-15743
-21690
-25567
-26954
-25860
-22682
-18059
-12660
-7015
-1417
4034
9317
14331
18783
22181
23940
23566
20847
15971
9525
2361
-4618
-10679
-15404
-18712
-20760
-21773
-21868
-20971
-18845
-15225
-10002
-3378
4090
11568
18137
23030
25819
26486
25363
22954
19732
15971
11708
6814
1170
-5150
-11774
-18041
-23148
-26372
-27287
-25890
-22591
-18059
-13001
-7947
-3130
1493
6103
10816
15513
19783
22995
24496
23840
20968
16258
10422
4298
-1405
-6285
-10299
-13668
-16678
-19463
-21872
-23466
-23669
-21993
-18259
-12725
-6045
904
7282
12523
16457
19280
21381
23097
24517
25397
25244
23518
19885
14408
7595
281
-6616
-12371
-16646
-19539
-21457
-22879
-24102
-25082
-25428
-24565
-21994
-17541
-11492
-4560
2327
8307
12849
15890
17778
19066
20232
21438
22437
22666
21488
18479
13655
7527
965
-5073
-9861
-13118
-15058
-16236
-17267
-18525
-19955
-21073
-21157
-19552
-15971
-10658
-4345
1978
7399
11385
13940
15532
16853
18474
20568
22796
24422
24597
22713
18678
12984
6565
463
-4534
-8155
-10704
-12871
-15395
-18700
-22670
-26637
-29620
-30696
-29370
-25782
-20675
-15121
-10120
-6231
-3387
-965
1907
5941
11329
17604
23767
28638
31299
31440
29475
26370
23255
20968
19727
19049
17972
15477
10948
4480
-3100
-10503
-16452
-20150
-21574
-21457
-20968
-21213
-22764
-25396
-28165
-29776
-29120
-25739
-20056
-13241
-6785
-1929
802
1795
2164
3271
6140
10996
17126
23122
27418
28907
27390
23669
19240
15705
14131
14619
16263
17515
16828
13311
7137
-479
-7717
-12849
-14916
-14106
-11682
-9477
-9139
-11456
-15998
-21264
-25260
-26299
-23690
-18059
-11128
-5068
-1644
-1513
-3952
-7137
-8874
-7494
-2561
4909
12798
18700
20869
18920
14014
8417
4615
4318
7760
13564
19267
22285
20953
15225
6743
-1762
-7525
-8834
-5726
0
5467
7857
5543
-1223
-10352
-18700
-23283
-22460
-16616
-8054
-133
4038
2834
-3216
-11587
-18719
-21401
0
0
0
0
0
0
0
0
0
0
0
0
0
0
0
0
0
0
0
0
0
0
0
0
0
0
0
0
0
0
0
0
0
0
0
0
0
0
0
0
0
0
0
0
0
0
0
0
0
0
0
0
0
0
0
0
0
0
0
0
0
0
0
0
0
0
0
0
0
0
0
0
0
0
0
0
0
0
0
0
0
0
0
0
0
0
0
0
0
0
0
0
0
0
0
0
0
0
0
0
0
0
0
0
0
0
0
0
0
0
0
0
0
0
0
0
0
0
0
0
0
0
0
0
0
0
0
0
0
0
0
0
0
0
0
0
0
0
0
0
0
0
0
0
0
0
0
0
0
0
0
0
0
0
0
0
0
0
0
0
0
0
0
0
0
0
0
0
0
0
0
0
0
0
0
0
0
0
0
0
0
0
0
0
0
0
0
0
0
0
0
0
0
0
0
0
0
0
0
0
0
0
0
0
0
0
0
0
0
0
0
0
0
0
0
0
0
0
0
0
0
0
0
0
0
0
0
0
0
0
0
0
0
0
0
0
0
0
0
0
0
0
0
0
0
0
0
0
0
0
0
0
0
0
0
0
0
0
0
0
0
0
0
0
0
0
0
0
0
0
0
0
0
0
0
0
0
0
0
0
0
0
0
0
0
0
0
0
0
0
0
0
0
0
0
0
0
0
0
0
0
0
0
0
0
0
0
0
0
0
0
0
0
0
0
0
0
0
0
0
0
0
0
0
0
0
0
0
0
0
0
0
0
0
0
0
0
0
0
0
0
0
0
0
0
0
0
0
0
0
0
0
0
0
0
0
0
0
0
0
18059
9418
-1713
-11496
-16534
-15211
-8357
1031
8917
11797
8084
-1218
-12849
-22514
-26529
-23275
-13871
-1801
8394
12848
9890
725
-10974
-20446
-23669
-18935
-7559
6561
18392
23679
20586
10444
-2711
-13641
-17899
-13544
-1929
12758
25052
30268
26298
14456
-978
-14331
-20667
-17663
-6518
8462
21457
27306
23469
11006
-5774
-20897
-28936
-27045
-16037
-104
14720
22794
20968
9765
-6795
-22667
-32000
-31300
-20718
-4000
12874
23887
25169
16411
965
-15387
-26546
-28300
-19850
-4073
13529
26826
31256
25441
11645
-5076
-18700
-24392
-20189
-7659
8715
23148
30602
28531
17714
1922
-13448
-23267
-24422
-16831
-3389
11096
21583
24502
18913
6739
-7958
-20387
-26624
-24873
-15971
-3032
9639
17967
19396
13649
2740
-9740
-19787
-24244
-21747
-13100
-965
10978
19176
21264
16758
7176
-4439
-14441
-19673
-18421
-10935
633
12849
22026
25331
21668
12052
-661
-12605
-20080
-20699
-14173
-2451
10832
21457
25938
22647
12368
-1887
-15795
-25064
-26800
-20444
-7990
6628
18760
24517
22006
11945
-2565
-17017
-26919
-29208
-23199
-10775
4232
17250
24401
23669
15483
2519
-11168
-21407
-25168
-21421
-11375
1965
14733
23358
25566
20968
11090
-1142
-12260
-19223
-20223
-15115
-5400
6222
16588
22902
23457
18059
8075
-3914
-14777
-21643
-22657
-17502
-7522
4590
15485
22056
22311
15971
4606
-8746
-20398
-27046
-26730
-19427
-7098
6838
18476
24539
23330
15225
2560
-11045
-21732
-26502
-24053
-15108
-2167
11239
21549
26144
24017
15971
4323
-7776
-17197
-21621
-20083
-13136
-2635
8763
18268
23606
23526
18059
8489
-2946
-13562
-20838
-23005
-19481
-11052
267
11676
20259
23712
20968
12527
383
-12441
-22663
-27606
-25928
-18004
-5845
7424
18395
24287
23669
16818
5607
-7024
-17859
-24235
-24684
-19241
-9353
2546
13669
21536
24517
22132
15089
5067
-5680
-14799
-20317
-21031
-16747
-8336
2419
13163
21457
25314
23678
16721
5871
-6463
-17429
-24420
-25724
-20983
-11311
959
12849
21485
24807
22068
13994
2558
-9539
-19542
-25284
-25652
-20766
-11866
-965
9624
17777
21952
21443
16461
8062
-2065
-11894
-19424
-23048
-21879
-15971
-6373
5030
15861
23757
26906
24499
16961
5903
-6233
-16737
-23271
-24422
-20023
-11162
111
11288
19989
24475
23976
18770
10044
-416
-10612
-18700
-23295
-23657
-19781
-12379
-2769
7311
15978
21522
22742
19222
11487
965
-10251
-19829
-25702
-26549
-22114
-13285
-1896
9694
19137
24611
25185
20968
13006
2996
-7104
-15461
-20676
-21967
-19232
-13003
-4332
5360
14477
21457
25012
24365
19433
10925
277
-10569
-19528
-24816
-25342
-20980
-12608
-1929
8910
17788
23056
23845
20191
12943
3525
-6384
-15155
-21460
-24420
-23669
-19357
-12113
-2981
6682
15358
21579
24181
22552
16818
7890
-2653
-12849
-20754
-24847
-24360
-19430
-11044
-799
9453
17986
23500
25298
23321
18059
10404
1491
-7445
-15191
-20659
-23005
-21757
-16939
-9148
462
10321
18700
24045
25308
22190
15218
5640
-4844
-14439
-21608
-25340
-25269
-21651
-15225
-7027
1790
10098
16879
21285
22705
20836
15778
8096
-1172
-10624
-18700
-23972
-25441
-22772
-16379
-7351
2781
12357
19920
24457
25518
23206
18059
10890
2640
-5721
-13257
-19095
-22481
-22858
-19989
-14074
-5806
3656
12849
20266
24646
25246
21992
15479
6820
-2601
-11411
-18481
-23056
-24787
-23669
-19955
-14081
-6633
1654
9893
17081
22204
24405
23182
18546
11092
1929
-7512
-15762
-21596
-24256
-23547
-19797
-13715
-6196
1846
9585
16321
21457
24483
24989
22729
17732
10397
1532
-7714
-16021
-22145
-25174
-24716
-20968
-14640
-6773
1494
9135
15371
19708
21890
21819
19503
15047
8707
965
-7428
-15482
-22095
-26251
-27249
-24871
-19453
-11819
-3093
5535
13038
18700
22153
23322
22317
19329
14588
8382
1129
-6558
-13863
-19839
-23581
-24422
-22115
-16924
-9590
-1174
7172
14433
19894
23197
24289
23309
20466
15971
10044
2982
-4745
-12454
-19277
-24297
-26740
-26172
-22629
-16627
-9055
-965
6644
13015
17704
20554
21593
20902
18542
14554
9029
2231
-5323
-12849
-19399
-24036
-26058
-25165
-21528
-15740
-8647
-1141
6025
12341
17529
21457
24013
25025
24253
21476
16634
9959
2038
-6239
-13837
-19796
-23443
-24517
-23180
-19905
-15296
-9912
-4159
1719
7554
13129
18079
21873
23908
23669
20915
15805
8912
1115
-6600
-13370
-18614
-22103
-23896
-24197
-23197
-20968
-17460
-12591
-6398
826
8486
15743
21690
25567
26954
25860
22682
18059
12660
7015
1417
-4034
-9317
-14331
-18783
-22181
-23940
-23566
-20847
-15971
-9525
-2361
4618
10679
15404
18712
20760
21773
21868
20971
18845
15225
10002
3378
-4090
-11568
-18137
-23030
-25819
-26486
-25363
-22954
-19732
-15971
-11708
-6814
-1170
5150
11774
18041
23148
26372
27287
25890
22591
18059
13001
7947
3130
-1493
-6103
-10816
-15513
-19783
-22995
-24496
-23840
-20968
-16258
-10422
-4298
1405
6285
10299
13668
16678
19463
21872
23466
23669
21993
18259
12725
6045
-904
-7282
-12523
-16457
-19280
-21381
-23097
-24517
-25397
-25244
-23518
-19885
-14408
-7595
-281
6616
12371
16646
19539
21457
22879
24102
25082
25428
24565
21994
17541
11492
4560
-2327
-8307
-12849
-15890
-17778
-19066
-20232
-21438
-22437
-22666
-21488
-18479
-13655
-7527
-965
5073
9861
13118
15058
16236
17267
18525
19955
21073
21157
19552
15971
10658
4345
-1978
-7399
-11385
-13940
-15532
-16853
-18474
-20568
-22796
-24422
-24597
-22713
-18678
-12984
-6565
-463
4534
8155
10704
12871
15395
18700
22670
26637
29620
30696
29370
25782
20675
15121
10120
6231
3387
965
-1907
-5941
-11329
-17604
-23767
-28638
-31299
-31440
-29475
-26370
-23255
-20968
-19727
-19049
-17972
-15477
-10948
-4480
3100
10503
16452
20150
21574
21457
20968
21213
22764
25396
28165
29776
29120
25739
20056
13241
6785
1929
-802
-1795
-2164
-3271
-6140
-10996
-17126
-23122
-27418
-28907
-27390
-23669
-19240
-15705
-14131
-14619
-16263
-17515
-16828
-13311
-7137
479
7717
12849
14916
14106
11682
9477
9139
11456
15998
21264
25260
26299
23690
18059
11128
5068
1644
1513
3952
7137
8874
7494
2561
-4909
-12798
-18700
-20869
-18920
-14014
-8417
-4615
-4318
-7760
-13564
-19267
-22285
-20953
-15225
-6743
1762
7525
8834
5726
0
-5467
-7857
-5543
1223
10352
18700
23283
22460
16616
8054
133
-4038
-2834
3216
11587
18719
21401
0
0
0
0
0
0
0
0
0
0
0
0
0
0
0
0
0
0
0
0
0
0
0
0
0
0
0
0
0
0
0
0
0
0
0
0
0
0
0
0
0
0
0
0
0
0
0
0
0
0
0
0
0
0
0
0
0
0
0
0
0
0
0
0
0
0
0
0
0
0
0
0
0
0
0
0
0
0
0
0
0
0
0
0
0
0
0
0
0
0
0
0
0
0
0
0
0
0
0
0
0
0
0
0
0
0
0
0
0
0
0
0
0
0
0
0
0
0
0
0
0
0
0
0
0
0
0
0
0
0
0
0
0
0
0
0
0
0
0
0
0
0
0
0
0
0
0
0
0
0
0
0
0
0
0
0
0
0
0
0
0
0
0
0
0
0
0
0
0
0
0
0
0
0
0
0
0
0
0
0
0
0
0
0
0
0
0
0
0
0
0
0
0
0
0
0
0
0
0
0
0
0
0
0
0
0
0
0
0
0
0
0
0
0
0
0
0
0
0
0
0
0
0
0
0
0
0
0
0
0
0
0
0
0
0
0
0
0
0
0
0
0
0
0
0
0
0
0
0
0
0
0
0
0
0
0
0
0
0
0
0
0
0
0
0
0
0
0
0
0
0
0
0
0
0
0
0
0
0
0
0
0
0
0
0
0
0
0
0
0
0
0
0
0
0
0
0
0
0
0
0
0
0
0
0
0
0
0
0
0
0
0
0
0
0
0
0
0
0
0
0
0
0
0
0
0
0
0
0
0
0
0
0
0
0
0
0
0
0
0
0
0
0
0
0
0
0
0
0
0
0
0
0
0
0
0
0
0
0
0
-18059
-9418
1713
11496
16534
15211
8357
-1031
-8917
-11797
-8084
1218
12849
22514
26529
23275
13871
1801
-8394
-12848
-9890
-725
10974
20446
23669
18935
7559
-6561
-18392
-23679
-20586
-10444
2711
13641
17899
13544
1929
-12758
-25052
-30268
-26298
-14456
978
14331
20667
17663
6518
-8462
-21457
-27306
-23469
-11006
5774
20897
28936
27045
16037
104
-14720
-22794
-20968
-9765
6795
22667
32000
31300
20718
4000
-12874
-23887
-25169
-16411
-965
15387
26546
28300
19850
4073
-13529
-26826
-31256
-25441
-11645
5076
18700
24392
20189
7659
-8715
-23148
-30602
-28531
-17714
-1922
13448
23267
24422
16831
3389
-11096
-21583
-24502
-18913
-6739
7958
20387
26624
24873
15971
3032
-9639
-17967
-19396
-13649
-2740
9740
19787
24244
21747
13100
965
-10978
-19176
-21264
-16758
-7176
4439
14441
19673
18421
10935
-633
-12849
-22026
-25331
-21668
-12052
661
12605
20080
20699
14173
2451
-10832
-21457
-25938
-22647
-12368
1887
15795
25064
26800
20444
7990
-6628
-18760
-24517
-22006
-11945
2565
17017
26919
29208
23199
10775
-4232
-17250
-24401
-23669
-15483
-2519
11168
21407
25168
21421
11375
-1965
-14733
-23358
-25566
-20968
-11090
1142
12260
19223
20223
15115
5400
-6222
-16588
-22902
-23457
-18059
-8075
3914
14777
21643
22657
17502
7522
-4590
-15485
-22056
-22311
-15971
-4606
8746
20398
27046
26730
19427
7098
-6838
-18476
-24539
-23330
-15225
-2560
11045
21732
26502
24053
15108
2167
-11239
-21549
-26144
-24017
-15971
-4323
7776
17197
21621
20083
13136
2635
-8763
-18268
-23606
-23526
-18059
-8489
2946
13562
20838
23005
19481
11052
-267
-11676
-20259
-23712
-20968
-12527
-383
12441
22663
27606
25928
18004
5845
-7424
-18395
-24287
-23669
-16818
-5607
7024
17859
24235
24684
19241
9353
-2546
-13669
-21536
-24517
-22132
-15089
-5067
5680
14799
20317
21031
16747
8336
-2419
-13163
-21457
-25314
-23678
-16721
-5871
6463
17429
24420
25724
20983
11311
-959
-12849
-21485
-24807
-22068
-13994
-2558
9539
19542
25284
25652
20766
11866
965
-9624
-17777
-21952
-21443
-16461
-8062
2065
11894
19424
23048
21879
15971
6373
-5030
-15861
-23757
-26906
-24499
-16961
-5903
6233
16737
23271
24422
20023
11162
-111
-11288
-19989
-24475
-23976
-18770
-10044
416
10612
18700
23295
23657
19781
12379
2769
-7311
-15978
-21522
-22742
-19222
-11487
-965
10251
19829
25702
26549
22114
13285
1896
-9694
-19137
-24611
-25185
-20968
-13006
-2996
7104
15461
20676
21967
19232
13003
4332
-5360
-14477
-21457
-25012
-24365
-19433
-10925
-277
10569
19528
24816
25342
20980
12608
1929
-8910
-17788
-23056
-23845
-20191
-12943
-3525
6384
15155
21460
24420
23669
19357
12113
2981
-6682
-15358
-21579
-24181
-22552
-16818
-7890
2653
12849
20754
24847
24360
19430
11044
799
-9453
-17986
-23500
-25298
-23321
-18059
-10404
-1491
7445
15191
20659
23005
21757
16939
9148
-462
-10321
-18700
-24045
-25308
-22190
-15218
-5640
4844
14439
21608
25340
25269
21651
15225
7027
-1790
-10098
-16879
-21285
-22705
-20836
-15778
-8096
1172
10624
18700
23972
25441
22772
16379
7351
-2781
-12357
-19920
-24457
-25518
-23206
-18059
-10890
-2640
5721
13257
19095
22481
22858
19989
14074
5806
-3656
-12849
-20266
-24646
-25246
-21992
-15479
-6820
2601
11411
18481
23056
24787
23669
19955
14081
6633
-1654
-9893
-17081
-22204
-24405
-23182
-18546
-11092
-1929
7512
15762
21596
24256
23547
19797
13715
6196
-1846
-9585
-16321
-21457
-24483
-24989
-22729
-17732
-10397
-1532
7714
16021
22145
25174
24716
20968
14640
6773
-1494
-9135
-15371
-19708
-21890
-21819
-19503
-15047
-8707
-965
7428
15482
22095
26251
27249
24871
19453
11819
3093
-5535
-13038
-18700
-22153
-23322
-22317
-19329
-14588
-8382
-1129
6558
13863
19839
23581
24422
22115
16924
9590
1174
-7172
-14433
-19894
-23197
-24289
-23309
-20466
-15971
-10044
-2982
4745
12454
19277
24297
26740
26172
22629
16627
9055
965
-6644
-13015
-17704
-20554
-21593
-20902
-18542
-14554
-9029
-2231
5323
12849
19399
24036
26058
25165
21528
15740
8647
1141
-6025
-12341
-17529
-21457
-24013
-25025
-24253
-21476
-16634
-9959
-2038
6239
13837
19796
23443
24517
23180
19905
15296
9912
4159
-1719
-7554
-13129
-18079
-21873
-23908
-23669
-20915
-15805
-8912
-1115
6600
13370
18614
22103
23896
24197
23197
20968
17460
12591
6398
-826
-8486
-15743
-21690
-25567
-26954
-25860
-22682
-18059
-12660
-7015
-1417
4034
9317
14331
18783
22181
23940
23566
20847
15971
9525
2361
-4618
-10679
-15404
-18712
-20760
-21773
-21868
-20971
-18845
-15225
-10002
-3378
4090
11568
18137
23030
25819
26486
25363
22954
19732
15971
11708
6814
1170
-5150
-11774
-18041
-23148
-26372
-27287
-25890
-22591
-18059
-13001
-7947
-3130
1493
6103
10816
15513
19783
22995
24496
23840
20968
16258
10422
4298
-1405
-6285
-10299
-13668
-16678
-19463
-21872
-23466
-23669
-21993
-18259
-12725
-6045
904
7282
12523
16457
19280
21381
23097
24517
25397
25244
23518
19885
14408
7595
281
-6616
-12371
-16646
-19539
-21457
-22879
-24102
-25082
-25428
-24565
-21994
-17541
-11492
-4560
2327
8307
12849
15890
17778
19066
20232
21438
22437
22666
21488
18479
13655
7527
965
-5073
-9861
-13118
-15058
-16236
-17267
-18525
-19955
-21073
-21157
-19552
-15971
-10658
-4345
1978
7399
11385
13940
15532
16853
18474
20568
22796
24422
24597
22713
18678
12984
6565
463
-4534
-8155
-10704
-12871
-15395
-18700
-22670
-26637
-29620
-30696
-29370
-25782
-20675
-15121
-10120
-6231
-3387
-965
1907
5941
11329
17604
23767
28638
31299
31440
29475
26370
23255
20968
19727
19049
17972
15477
10948
4480
-3100
-10503
-16452
-20150
-21574
-21457
-20968
-21213
-22764
-25396
-28165
-29776
-29120
-25739
-20056
-13241
-6785
-1929
802
1795
2164
3271
6140
10996
17126
23122
27418
28907
27390
23669
19240
15705
14131
14619
16263
17515
16828
13311
7137
-479
-7717
-12849
-14916
-14106
-11682
-9477
-9139
-11456
-15998
-21264
-25260
-26299
-23690
-18059
-11128
-5068
-1644
-1513
-3952
-7137
-8874
-7494
-2561
4909
12798
18700
20869
18920
14014
8417
4615
4318
7760
13564
19267
22285
20953
15225
6743
-1762
-7525
-8834
-5726
0
5467
7857
5543
-1223
-10352
-18700
-23283
-22460
-16616
-8054
-133
4038
2834
-3216
-11587
-18719
-21401
