80.53474988477495
81.28823629289221
82.23278354290876
91.0548353277484
94.98943471103783
94.48259685047071
86.16178694866527
93.19440951445361
95.03155495426357
94.33518415512026
92.0821190257085
86.46651265279573
111.61395497826909
95.43162423877953
96.74937551748414
94.88290267988407
99.00178885392285
88.38658354061542
104.881742541638
82.42824683642597
92.31185451446402
72.47231023614111
91.86798176669441
84.24413728221538
99.80599342393772
88.17806314079075
84.24976873148032
92.58131556461323
82.22406447875005
89.51651229994198
85.2605329193608
72.7003431860199
69.59643887860504
80.14190890292278
81.80010008729569
77.1218144393893
82.95737498757758
82.10283246163416
82.4853887632794
71.20482390360979
85.57546125485436
80.26300095271327
77.33112907587083
82.20489583684628
73.98929519771019
77.51514329617781
80.41731156521118
81.90049159122088
79.8559487603407
80.24555731180685
81.86072742089385
78.41647266281144
82.9142637399271
80.12582557742748
82.70489969552129
72.84107540342859
72.71993027479363
86.07685217962214
81.0086535865981
77.96183707730843
79.11132797883307
85.12058238204978
76.58078550817399
78.37593341242086
79.72325277733316
77.02067865611133
82.44973093185814
82.95626072072281
79.33834087873859
71.33009507033432
79.14937054277209
74.05834048995169
77.85680932722282
78.75060169592683
82.91896265739739
75.34800859083505
80.38199699539908
76.30451440955065
76.52424388785956
77.74675754942953
78.80160580739309
77.729882719235
81.25542480350572
85.89602727653477
81.97193022191212
81.9686372059071
87.32630675203114
88.3547674073403
84.1411664531087
80.94329887479421
83.32903338738137
87.74651613285073
88.14274592888557
83.29477312811413
78.80433985308088
80.69801560621161
81.09082479758128
88.39332232744367
99.08844110156426
84.29182824083222
88.19968470409897
87.68741352357154
82.87333645103921
86.5927003237272
75.4153713422315
91.6585738903338
84.97279743151017
92.42460050713731
98.10026412177292
90.59830443741461
77.55017933003212
74.62493741329695
94.03758983116718
99.84080030740787
92.95506026988171
96.7761801933134
88.88318451757272
98.29095075359422
94.76840253393038
88.17709686447616
97.87555419250324
86.28946180110363
86.09320471523402
97.95895372709052
94.30192160169406
91.78522058870094
98.03501753071897
97.26292309094131
103.89224389547392
99.31887001122882
83.33136073733382
89.97037710425303
99.24286264498646
86.01206662456923
85.98416298825084
88.61357363178678
86.17283315806914
90.09401078741595
89.94920442984387
91.23557294754471
98.42710148368926
94.58727823920535
93.14298526051653
93.14449204726216
93.17789392745986
90.96042509913373
89.73998781184656
87.66681926354109
99.22214609513719
93.99531597362181
97.65171145170909
84.22657936517793
98.26865328423537
82.53244228298936
95.53352570074482
94.60780640058955
86.36147641777225
94.75189326968726
97.58644490779544
79.31460223501537
91.02069793853227
82.70186242541988
76.78025856158398
97.79647106085768
90.39846215516869
90.4348214178533
87.00272764072737
97.81717454813167
95.70565386045858
76.78797751641778
87.10080126164668
87.44997388928849
93.28778139054577
94.27862252953133
85.56143409803818
93.76775036980413
94.94704955008841
100.75082533000001
95.72514810985966
91.75402784016424
88.32138187183135
90.60619504936096
92.37460517344866
96.54924557979217
91.92958233246057
96.8503276115778
90.71030099438646
94.59715936263439
89.46732626827766
89.44288414968015
90.03985233757683
92.0309418168292
96.57232797751506
103.11568691547386
93.05625723248839
97.03148221194672
84.33526598851674
101.10578887690639
103.76071384250992
89.04208900785412
92.51958958067185
85.61594883624184
100.00264436307033
89.11682790308375
98.35329588831408
96.27153370198451
83.70366828048464
100.81825702426981
93.624042005803
99.27191853467008
79.65637380645619
92.91824910278145
98.70766694633437
100.18870891075446
89.65786930879585
99.70972178319242
74.86500698620577
78.16713665543651
95.40889793580203
96.17560466397627
89.30168750728511
97.30078257627116
96.91236085017245
102.74028747621516
101.53240749309211
99.67949514988261
97.50890371223342
101.07914115227416
105.81136641695443
103.00752095869116
89.77990013080435
103.386411317582
98.13345394066172
107.2093756813494
98.03570931298053
100.22341269119516
102.89454156049514
102.488705819072
99.80972113970834
88.60395266082745
104.05247419464692
96.40788776251756
100.56449819783978
102.95289350399302
98.30186459164554
100.42256157479882
95.09324858136878
99.02493447271632
98.25268051437169
87.0240484942395
102.97823920861184
95.70597172546258
89.3898051291477
87.71679636177956
92.08777381030124
91.58678605218107
95.36013558850625
105.67527598176616
101.02214348873403
93.59664500890003
83.06061247151325
101.24665851671372
107.77646910248167
104.50887920854557
81.11805030191243
99.57654939109926
98.0220040968863
102.13754477077171
100.78197043801015
99.63434411978128
101.16586568968157
93.3420589936321
96.42158252160186
101.81150814063535
88.7141509196681
90.36127548309199
101.16857849333888
103.75260387076808
104.02142999092418
96.87327955600308
103.38865366386375
85.76483014196221
104.76509193170521
96.08078459794106
98.69681866529339
99.12063904527108
97.80812998585439
99.80803669351522
104.93885057203805
89.3936005522754
91.06580896831181
93.751669833297
105.43146295947341
88.13112299852153
98.92507656106966
97.20467810748646
85.3992739640183
93.39232606270664
92.05884108522325
101.32491816419312
101.5709464528733
99.91022616950244
102.50092715746972
106.92145482601833
101.65790224906493
77.62913661399404
95.84258525493416
105.3577833739484
105.3109384497099
94.32127326234186
88.46300157629821
92.16177764198824
104.48450105955558
105.201767624085
90.60743795484936
96.2593331793287
85.47327380408544
100.41111043622102
96.5201743184767
88.02851664081871
93.40089492872008
92.14336089260408
102.59646196676327
83.69584525688181
88.67759372691617
92.18034584099159
95.61923675882477
94.63921999223174
99.1119930438636
91.73277230930553
95.03644896019183
92.43331015623802
101.79016523862592
96.22191965439666
76.75429518981875
81.41395270992192
91.29166701344339
95.4743280421701
90.14702451062172
93.95456322714126
95.89953067735206
94.52652698591947
93.70013740420498
95.14644969500382
81.42782343771201
94.55201971868993
88.3559361554504
76.96858628891088
87.06629587735807
85.80254996546444
91.81427030551467
85.82608133047488
98.56201083773402
99.62254001514054
87.85377858876565
80.70566519129002
90.79450855565683
94.34082922758077
92.96684171623906
90.63300486163178
92.68186658696237
86.23223211504602
84.85654406951758
95.86314528626244
81.25425167414193
79.79133324473207
89.18389368195994
85.64134311573709
98.07837879548305
93.18684734991399
91.45843529515014
91.82445883456703
76.57274629222141
94.26624000873417
92.51524941446812
91.15759428312272
94.66577772759769
101.44761495188496
93.41892529516427
108.35348796855777
121.12725847527976
108.94947731397764
102.51884324988531
92.30136823542645
95.55531861440271
94.36957581352277
84.42230417504919
90.3872228782331
92.52476207199703
87.55978225102326
95.46586259848893
86.18353240063351
85.1348432867813
98.07278997526019
109.67738187650212
103.47476038459213
110.13565358325921
97.68717183208796
88.27821532029824
91.31259072226014
102.09652098519797
96.58140918562707
91.04937927746717
103.83326644325263
97.29438321914705
97.47546604763151
85.34568319951389
92.61922045580866
70.00644194781455
87.82783407874662
82.8550006232617
90.48939266539931
87.66502847321867
90.37375854373599
81.70003844368928
88.95003826874579
88.01021736020454
90.85879468620838
92.39776728072826
84.60652802315468
83.76633515831897
82.00671142253253
81.43285104147168
80.6557957226828
84.38664961585113
83.86208101447751
79.81305741420466
76.16256839502243
86.22862210190591
80.4151285853359
85.24800747550428
80.81769558895576
82.49348279064016
83.05523802927725
74.8912389532479
77.35617292983007
76.74234442434243
79.08705935760105
83.9877109771099
78.31179547148777
73.12994245335075
82.67571763118977
82.6012543333482
77.41748614881932
80.01583552873866
83.12152687093545
79.89173530530117
77.21324724150995
77.79122592215101
80.2031848121289
80.16191418294017
74.97625468809262
68.40627803429521
79.65369394096638
79.7566385130455
77.89467970413558
82.99361935685299
74.07823144140936
75.85613263938475
80.07348881525381
80.45518099172618
76.3985744909738
66.1503309880177
80.86099546702224
73.84458832672372
74.35960463633091
73.46744018366986
77.45042325841915
83.07470718354344
81.88133910996235
80.20314419284102
79.59945000253087
71.92620011948247
80.40552048980695
75.33058776938418
73.5238217528648
77.10746248873355
69.88266778625854
78.74125969156198
77.50229714892582
76.0478701530953
78.57271248595003
79.77976455805995
81.42395442809253
80.710823411992
80.15109704478104
77.80660388023475
63.39408754288279
79.54829746577215
69.1609211838226
75.22303731668669
70.63952308331334
73.73409655309322
79.29506280813585
79.7400060423993
76.14442561192996
78.09089549988107
77.74761790084543
69.30363390935916
73.9637019954673
75.25714333215466
72.1683384424734
79.31936590203945
69.5303704606973
70.06019657153823
74.63429670018057
60.48127207822866
69.45198211887364
79.66595143180362
68.37906954390397
80.87279391987602
75.19992734992945
75.93082554465708
65.75422194096544
59.07869401529333
76.30032927491217
74.6023417085875
75.14658449490946
75.52054292148225
69.39243386383163
70.77390011204868
78.08610229113785
74.27150089276977
69.13365765327771
72.03965727581414
77.09893317413436
72.70159451011736
74.36469234789784
76.09962258044777
70.70477767251616
75.38054535330242
69.54193121306527
66.71602796110594
78.72013632615813
78.96175169295813
84.07145656748513
72.96131993311063
75.34434959930331
64.51675493195549
70.28290168162361
72.04288941253611
77.41728982746938
75.88074668632613
72.85840459869596
79.8757483904597
77.9986487073175
68.06451176183057
76.71643817710026
80.77670822499289
77.71644965078544
79.63616541000248
74.20352641805577
75.68175425708475
79.68733579004828
78.13418035829783
81.10835807009482
72.47930532635175
60.461377958758725
78.05324349008922
70.79702523591604
73.95582153897365
74.32780333663375
75.38362521226605
80.5439625218343
78.49429294699505
80.26831098977124
73.88288733240411
75.1236567157246
75.7664189002225
70.56903450799774
78.81993600947327
81.05121070703763
77.33457660023477
74.86461056372113
80.2546941399919
87.05592408189572
78.4330067813073
70.26910306383374
64.80065557660355
74.83222093973494
77.25413947281814
72.82551062833083
57.58919611067476
72.65156304441817
75.51303174345395
82.50534735940631
76.0989796022581
75.36546806978697
82.21673566596337
77.83392378518714
80.08352899654244
64.15192486665516
72.96523095554397
73.8601380782214
73.8469946414759
79.09610177767263
73.46303748964071
74.41738238515812
73.53152995017525
65.37708763356954
81.60524593921042
70.4976776514861
69.82690880110735
73.80736255945268
74.10917273625564
83.86775110994719
73.15275956636556
66.70017741920569
69.31235077472162
61.66368198280775
81.81190970358413
72.3346261889116
61.19852124882455
71.09886603174706
73.40158332901753
76.31064271335474
71.48449459066816
66.79116642841859
68.70450108689118
65.53102550285114
80.53246495907706
66.58052528821995
70.52137996122731
76.14733004147992
68.92467916663509
77.52633252303018
73.47457825231352
71.05704478227936
74.83999185504196
72.13550117019786
82.52235584398916
78.71078653677479
70.70515398078398
68.9205398224817
74.34582213176239
79.99040447145565
77.62883628664974
68.48657657732072
72.52318022320426
71.6500027395618
76.75238324271275
75.58711733688762
75.15927626367707
71.74158426551055
72.67847162368086
77.508352956645
76.20513605955878
68.78617183388758
63.84037849027681
69.89458376518381
64.39992448764652
71.14189362201037
69.57793491672557
70.58148466173569
69.94183242366267
64.5686909569117
70.38338825343256
63.988954804771645
66.9095666305964
61.31757450317103
70.39056803045153
74.5335294658613
75.33441174585671
72.92562171375732
72.36833083529218
67.8498445611612
65.409551776062
68.18904349939896
66.08302110989106
68.29382372965598
57.96346718422403
51.49081465667954
67.63146387180122
69.18176225799628
61.2888207117889
61.59840206540764
58.45000289577576
59.14852643699183
69.65580869278332
73.08737044337994
78.00485172782143
73.22500459640212
63.38215793546784
60.003188721431314
59.83159546663803
65.49379410782892
56.8154938513115
65.99556807627789
64.50836610577095
64.09849931927158
67.20532457588241
73.26963338648413
71.73959048255179
59.120278611334065
60.659254156110485
51.916076050971746
61.7294110394809
59.43632781325804
64.16383651972635
74.76266684394011
70.04231619564274
73.77330825596145
68.84225386489167
63.4309907491054
54.43280602456342
71.3319783486666
59.28905991407919
66.54278857792035
64.91967800360767
67.72020034729093
72.760405213097
69.61560048759564
60.94963943035455
68.68111841284134
65.86538309208251
76.90296847561949
70.33180274745234
45.813576050082204
70.24297596352683
67.76208400672351
64.32868910677418
63.61976941613683
72.09448693154803
67.44068184782718
76.25240078337852
77.02615209134707
73.14275877478732
70.80924930273704
71.37051779190436
69.31150878930137
59.613394417235675
55.92558231927843
63.05768986782303
58.67631491656419
67.42821541959994
69.56009126271987
62.231204770424704
64.9930117501516
64.1874727114458
58.6871818345885
63.773552040068054
61.7546803902607
56.17502034935863
67.1121750249254
77.26334636912173
70.75942165043386
72.12803902002315
77.69409153808206
78.93186873598259
77.77538007796595
77.58695914140492
76.53680665958127
68.82184537250636
73.39420894091461
76.71208155465108
81.3705081303744
75.06397924633137
78.83143460458784
75.42133440356085
85.3202990892218
94.71351288307949
84.01333713459871
78.66481720767902
72.5151499015347
65.8261052518593
71.72982442225108
74.91335984871996
71.64329442970902
74.92438292156707
74.7110103308608
78.23584640998668
80.18412203930404
81.47134617220972
88.22962492296755
85.86312610356285
103.2989094068826
89.82588742193798
77.0591462124092
74.55315131631326
78.78027926919243
74.4168716862954
71.71741568772943
75.17803566399823
72.08003260229452
71.02280332661114
69.93283143455962
73.36846869883925
72.29783522804803
69.94239393263594
67.82591243068434
74.6428300855782
74.68129120733019
70.11717650041103
58.104373672126634
63.7989262540928
70.39887996521928
68.63219035891728
56.035980135030286
55.14287487012824
65.83613871631967
59.09041738400501
66.53529190009283
67.88763805036255
60.21152088926602
69.5619192132787
68.14392725677644
66.21221444521723
67.51011074605195
50.092253483665075
62.62903547116866
70.06330782136696
62.716250791509474
60.07992935262053
65.2700011883314
65.43017509250804
58.19924389485672
65.31134830245827
63.35755280998079
65.59569816466451
69.57802966604505
64.08370472438666
70.74177193575645
60.5356502881089
66.90221100197556
55.69358350326845
54.12779627207318
69.67800350565508
72.13372760159919
73.31123510304259
62.01108128275565
67.69395748310225
63.79348707752277
68.49526160886151
52.224376295071586
71.32846788136666
68.27393026169064
70.4803428298723
62.576485589401535
66.80338945864145
63.623234844730085
65.17753286909058
59.89839522245504
57.70664307864145
77.66192401971135
71.8151182245012
63.83232261970729
62.45575967474042
64.28681765969624
64.19687538642658
64.32253471855472
60.87912938156598
63.2758561220045
69.28893506766423
70.19474201586956
64.43780656646011
48.4778587018397
64.91295497513897
47.585804849495055
62.417888533805225
68.10868040512666
66.10058494690531
67.45904150698334
66.21939217922842
59.57840924110894
66.97746530255804
64.79480200849227
61.887227475389075
50.40577954856933
63.605364291138564
63.21152709191157
58.75907998171732
62.62665579968285
55.79243428069454
64.89826218471417
48.97600514181357
63.48240432374495
60.22423405745086
61.583214207366424
48.38083622931775
61.285915690504
49.68053813153637
63.59610383987673
64.80709885289022
67.56633982449245
60.53125818705865
59.96874256001972
65.06500605365312
56.94208308330584
62.28731595918525
54.34936262091426
69.53738701521148
56.83169251428974
62.20040485711493
69.05946747859045
55.47324343208239
66.98016374084165
63.888706116843366
68.09720959004808
57.13858577396569
63.33756979275496
60.76844434393753
57.82636308382382
61.9867072261692
53.18187442069512
54.757686239578824
63.68901447605311
56.76647104614662
57.08970866594004
39.30905819157899
62.52557329699397
62.003110444882836
56.78380664077921
54.16282138743425
65.20214891874447
65.16661381272544
58.91382471113453
61.973721328649454
55.644603377035054
64.83388842495731
59.50697945686486
66.28432014586495
65.44496876530712
67.79892127279737
52.6869834684005
44.41407437711539
62.771053373795304
61.957724413327014
58.10508222294854
65.12840153407033
56.147219637514986
55.86559529926126
50.0544911309057
51.55413452411186
44.544172632272264
61.530704157455915
46.75915233644932
52.814290454474
60.671250345398526
59.50036497550528
53.08301177270258
53.36039672086283
59.69259302281906
65.90305352133774
59.213472238249516
53.14747214450186
50.784883708022335
58.3879078607605
62.76182125996421
62.33302895897438
60.9844094246523
52.3333595746923
54.58802626822279
50.0487545995867
63.64264987950881
64.35781294291006
58.48974081176256
52.97382399047918
62.5803191399052
61.388927227854865
57.787279445450125
58.84815739032103
57.69006942771874
53.755920326652415
56.83854989960848
48.18781857135563
55.59324511720847
59.39679599375958
53.003114920011726
63.657363231129416
64.64915791345724
59.420972062004
54.87321024943896
51.66722002504333
60.75583492029088
56.84459709603188
51.44017696753649
46.96364450659609
37.62381152822978
49.78012786397859
50.50289526453217
61.64981846375039
49.45067298328225
64.01890951667247
67.69664354766954
57.0825982069082
51.58458561185319
56.50082092336337
54.426289648027776
52.338170892903584
52.97703755319479
47.97978154311671
57.8977686621542
58.39486274296963
65.1643195909447
62.42885499577281
60.88369436471264
48.742674467045916
58.285876315067505
60.424779098767445
51.99139481276457
39.01644833226425
43.87991465965904
49.521015020198945
57.69769243729995
59.35361098564592
56.33559432709372
58.812102776189164
63.55582777558383
46.468486758110004
55.7328766074298
60.75397881327235
38.33735598744882
41.906488488217605
61.36778547570208
48.976325862501014
46.20135781633217
46.603219318353446
55.43155195453401
50.07419065528577
62.53503727507442
63.88589037730802
56.674340483468285
56.845650400505846
57.38156126806986
53.60829911836211
62.89578884828111
59.31572721815374
57.402600207807275
61.05075545365785
44.080230552249745
50.678299785028294
48.24888083817009
43.036333389284295
55.01982305710018
51.38710124025173
53.97492736402245
60.07899798180326
51.4483686610948
53.774838156927416
55.97245881029916
47.42843321535326
59.167781716115925
62.694451008192225
65.19946143740137
56.13074796135558
60.94568665513198
63.04157926582647
54.923913690427774
38.40329443227631
33.103092867290385
57.7808898470761
53.16308498183326
49.638839836846536
51.42240780389098
55.45966371827721
51.86699923210373
59.92926372955569
45.66635903412121
56.89263756561188
52.778354869218006
43.19857195916809
47.079994733550805
58.78967513391487
53.915918470067545
58.76479348341416
55.22071754413969
64.4568179714671
51.01985084814168
57.014730565662475
60.29118717291507
59.21764156625697
47.39128605183454
54.902386423549515
57.698046365832866
57.17175411006523
57.94283637271306
55.167647125012856
60.13490950132797
58.17888401326292
60.97536045356067
60.33810545070409
58.548883454132046
59.79061796056021
58.608792360445705
68.19741472285378
61.9242593970486
65.18904372748088
67.00894461342943
66.80820403570208
61.27614263616795
66.60246597249893
66.48140620105525
69.29076655701056
62.69405879641464
62.18870340603309
61.60741258225911
65.44299976959239
58.56845071750687
65.09659943178988
55.80999618125123
60.53410333583153
63.83900308017762
64.80269351161245
64.82099743727896
46.95161718498199
59.40617073965261
58.02949845315087
55.80596705724716
53.99903889832529
44.73152440463294
46.64824444442808
58.802810031807596
52.81779158627508
57.71397887113885
55.610123551631894
60.150383378407156
63.728570788790236
48.17735064111566
63.83977115171155
64.60614405944693
55.6178865090323
62.59015722522246
62.914292949564306
61.859783778890204
51.872652680839806
66.34644577170945
62.76076226844041
63.30544796931523
56.62112294192336
45.00970477016694
43.0039101456869
61.22966169735701
59.3203603217827
62.783469145005114
32.8653878352502
61.49233998697416
62.08484550200397
68.23241801536261
68.82336796083632
66.58421048730908
78.42967003839321
66.16039844913531
61.389540054061776
57.18261301681328
62.209736235980564
62.040392108871046
59.24516343758726
65.21132021568222
53.327669335780506
49.973121827861185
61.71957145287866
63.66749372150938
67.21288297635782
62.92547466694398
64.2121429113251
59.75561896487929
63.704562231194146
62.60548583757124
54.93471702710312
56.094028020858524
61.63266829366121
52.67565026320837
57.74679902097126
61.91504001835638
53.40883613932892
61.21707193131754
55.757957424532634
60.9700833435826
57.81558424303584
65.82489235989058
68.05014249584575
55.417099348241514
59.580016176691004
52.25183555196203
60.00702094349657
59.171122035906485
60.23900059020601
50.73715797020584
52.27368397508138
53.802721710854016
59.411313522114696
58.82196252027973
59.228617264297796
60.22448437292905
62.41962372702845
48.420081396786586
59.886705835085934
61.638595800993485
50.75195040145262
34.98045501175469
58.47155220680599
61.23023735686579
55.805795318558715
60.77217456343226
61.089453827698236
58.62167810510237
62.10343525396126
56.13463776078896
56.481966300938666
60.12335554252015
56.83509018720656
56.27550408510288
58.28970390025767
57.92503903067136
61.41241470762032
55.514480168948566
51.76835551523376
58.881355704617604
63.88524758397145
55.43190483812488
47.73374492625468
57.810491477287684
58.02327780981629
58.70385904804358
58.59370717753809
51.79291765069124
48.51405596339738
61.5024833875533
57.39684807098609
53.871874869591295
50.020046565307695
57.868503555839446
57.66312440500732
41.14497281745011
55.21188590096378
46.53554985234435
58.78023497869846
60.65944826770959
59.10727355075328
48.71703402996694
48.86444533699155
49.50276148153817
60.708122330516446
53.895787257189546
58.39148040604159
55.829434312896815
60.5950759166554
58.416629955541424
56.96700463859817
60.71144059776173
59.2659606588071
41.37934266320221
60.23281726301208
60.30693396924161
62.23078679491025
57.70941947163586
59.53352831234654
58.52700816282401
52.59907707373678
59.027984879362606
57.72757553605399
51.03306586396422
52.170098748487625
53.84106611551675
56.889523020792794
58.06065809950922
51.016485562224794
51.5801394968538
44.735804883197616
42.98741860200617
42.47160992387701
55.04274618353891
55.99547020054129
52.483899154418125
53.93350499750837
54.40291937684602
55.08153239857347
55.269658651298315
54.57387956925186
57.79949193064453
47.84207505215069
51.97450702745567
52.81294171856119
58.73592076429267
53.577264819646075
43.82047780921912
34.130925555807934
46.41699960889693
57.89288547397433
48.511261764309126
55.5986190550606
52.92788937187601
55.640088094456466
58.56082781251335
59.88644893061032
47.31101283853346
36.03602665634583
54.84433196134382
51.570655781957655
56.58695784596724
38.845655807623956
54.84499186771845
52.10179372638442
49.996728913325974
57.596634811767025
53.46617352565889
55.02142970550901
56.21642710503159
51.41001891029114
61.05899908494307
54.829808529293835
46.158910035904334
54.11766114641989
51.897807908688335
51.12098787981701
57.63892221317644
51.65380222608135
53.79445115488573
58.792005620101904
56.62504469442403
53.99647327310202
42.816040722984084
54.72514039287337
58.8098813928151
50.07005373932846
50.7795206735843
53.19280369261155
54.31101074690791
51.568657972054126
53.61189730972165
55.56357454909215
50.85917671410413
54.81808024823635
52.46601882549295
58.55941343731293
52.132896031067936
49.761463155580586
48.30369235625796
39.58702262213166
45.80418586261126
54.26223723895174
53.3453151472481
56.06820248741186
51.22352134427027
55.20999266357155
57.87653970287415
49.676885215642045
47.46054040298319
48.28577338715645
45.848510239940424
37.96420659949947
53.98427504903162
51.44573815279586
46.46194457967124
52.35976582461874
52.86588746082519
59.00431400306289
56.14075403322865
52.34080697478258
58.3901614305957
51.49281335436699
43.16923397852183
52.769972194570926
52.145782412479974
54.932013713671246
55.86371275480189
49.293622331593035
54.019817910762136
53.50713565244099
54.412208852869846
56.70592658020175
55.22026989981694
55.425940313500135
56.46840349286493
55.95303015750246
53.592424695703535
52.5843537592668
50.92530434172222
51.397717051306124
51.09008328541729
56.156487899747
48.3945699501696
53.9788555691038
54.676245902118346
58.822887630681976
53.73174511402433
52.352571155100264
51.070612028512976
53.91773121964911
42.479804461822084
53.46682474779808
54.60462605295004
54.90224054570359
56.86616830219187
49.458806300327076
48.624487294563465
50.973526295005236
51.18503582819643
56.22247396989532
52.853604393267474
48.59205533214216
48.798172903173565
46.46955896506887
52.92979558371421
55.22130430634454
51.35885113648918
55.70293351305797
51.383303986279614
55.901888148527604
54.7889364108763
54.91405055431983
54.216115393557864
53.946436737890096
57.2563436908741
54.65089861229124
56.35015446555336
53.70659553064958
53.109885901811694
49.46406844235287
56.622035811042586
46.996038692710805
45.991339384212644
57.569317126543844
57.604245812021375
55.09604996498453
52.871013097630865
53.37151837478734
43.00520971013648
57.22144157906128
48.61808373889697
57.05741374234457
45.740105878012685
42.87653314318013
48.991395881179145
54.495233317162274
49.58676277792476
55.111243357941845
51.17502566286838
57.86659421455972
58.30329788350137
56.164447075620096
46.29548690913994
55.35237901401035
52.689715889861105
49.583301027950796
54.504841479771386
55.76659333859891
52.9889524868732
55.62640009144256
55.50640466740933
52.97144377919439
49.744705720233014
57.249372965580825
51.39255641742711
55.4443901292551
51.077019939988446
56.322240518567
41.04599925287526
51.227558719031386
57.58983206503753
44.86837447381437
40.42646317033185
51.418649974410656
58.03424515994503
52.71082967751344
42.831292871621606
51.94724932080592
58.27666575878909
45.71159105413436
55.059890592661446
51.28623274100357
46.53671662832964
52.27530889972815
52.238590135090206
55.240239950724686
50.76522399275141
49.81189464694439
52.16886268866419
46.84781964749796
42.742443995856235
52.70110437443633
54.54636652636864
48.19034715966639
43.16464526734998
49.40649295146231
56.876244176692
51.041427014415596
57.636324343339126
55.2595391501412
53.519273286567774
57.11456796767058
50.10796689902256
53.00469037938764
48.695603483669444
51.589895071997496
47.54727061610762
44.053316516344616
50.807067366907006
56.83066148417275
52.9404780081113
51.01858026246365
57.84181819154323
54.22074689048002
50.144133528642314
43.19594150955166
57.5577300970722
49.78766098828147
51.55518686815039
49.47655284793865
47.57875871127296
54.3351931720194
44.11794665529939
37.74124532302451
53.154614884401965
58.23654052105661
42.93625181558036
56.417631459705504
52.470065559570955
55.03280840162523
54.42226913083324
50.035336630898406
45.56690199297143
51.667790811068876
56.23768926210775
50.859295757713454
53.463885568017524
55.70756541936198
45.75667290060075
41.48971863671795
55.5073288044718
52.96043652978706
54.22263044947188
57.64740021018953
51.73654881407751
48.04899454547093
52.022964000884556
40.928683213619635
58.779144842118725
36.68705383764291
55.065691352046784
44.7883208968381
39.627350122270634
58.49919820179278
33.83086248726058
41.7221574131107
47.22203634604231
58.91806842361845
51.03523583836256
53.40072780381418
59.47803260653045
49.67653710624768
45.96176277726801
50.20339893567925
56.21464269756104
57.6943995965589
48.085099301391885
57.693288426540974
57.701618748322346
55.72925086398179
48.404964893645214
55.58454951007238
51.234180115853206
52.8994354608988
57.23110467381894
54.13600845004054
54.68892558698919
52.09922065255302
15.821977849077651
50.665890567142064
50.49167154741723
55.95527208100786
51.78948015323228
52.231825329120454
47.65830770935604
51.247815548839604
61.42641792396361
53.41050172799874
58.34395391389717
52.499861881162005
53.58301420985274
50.59395406971616
48.96794570960872
53.01882670651162
54.574989241818805
49.47611634323348
54.4939958154024
53.779887710615064
54.078773953469465
38.76827625645632
54.3971012727982
56.19063468976971
50.32498403732093
50.065930315003975
51.55337767248427
54.203918540708216
57.43749809482091
52.1615923767364
45.89427366824743
52.86251824553893
54.36536218132826
53.56949227327978
47.48545773089048
48.19986773412613
47.13911103910978
56.262426581577046
47.734155505616414
57.39807674309567
60.253131653909335
48.91856692665942
33.350640203943705
41.80154559453357
55.32565486550118
56.06900841289092
59.369000877343055
58.720565821183364
44.23683137271725
57.30130056800924
55.99129258000677
55.19142076589675
31.80129934373805
54.0054398364559
54.777641205727754
46.53440365581396
50.03495612976002
51.600514608079166
50.611001882963194
53.37311225458369
57.17179750578916
45.07268605584777
56.91131988076521
44.863240590153
55.3475623822263
58.08112440711788
43.947654798406354
52.7674829751766
52.92525930729048
48.72026423163376
53.78694804608665
53.5928028884269
58.98162278304013
60.770369238574574
47.383300931455196
44.36021440947715
45.17318732443759
45.43246796416099
57.12891095479252
47.85133113803985
52.88337399482221
53.79769023078707
48.08136450045809
54.852050283279716
56.33237350802101
51.12063370866668
52.370870297746904
54.07575535291852
51.17365129640231
55.67583947365043
50.189686467524425
52.944366271658154
51.29735120328924
53.58323074205563
57.77775908956664
55.551515823046465
56.887102186596145
46.71726142774422
58.524126929508284
39.176594844036785
55.94273063313209
50.96764739844903
53.19532312878785
58.19724969225557
59.4582039872705
55.104050664322976
56.567118269559046
27.85324599308934
55.936939805359785
56.84234549997757
28.58141261733341
50.344510782384816
55.8933261082063
47.81093900046507
55.57349116855541
52.33878884663171
52.56318998125434
52.074540244700046
47.73142880430547
57.7983339634713
43.59483849369294
51.068869679076336
51.93506976841192
45.98000900587077
40.40079000202191
48.89722939711193
57.56596465997593
54.78930160468786
43.6796541979153
59.40430868124997
57.69819558800191
51.882362166753005
51.083684114015895
58.12428884879759
59.77274183189947
40.03436019524848
54.28879946807241
51.31430688883097
44.1347134311509
62.292846264873525
51.87089806606032
55.03823616076812
55.58726899833302
57.78361606376066
55.58358526764933
57.07549975565017
49.93027131943701
50.68952276519869
56.58532701341335
46.828066295705064
58.59307334460346
55.057545257174866
50.56847814141348
54.54510728427746
53.81216671218901
51.41238194143038
43.7109489753809
54.430019597187176
58.987651980002994
44.80280676551348
52.83950480861796
53.9056490953369
54.705418567074354
50.474554793666584
60.064665788415525
44.18250284724945
57.9514951047691
49.6288503194224
56.47965311341309
46.479135326846766
53.53181424936271
52.65332904677744
56.006750175913716
52.57781573654805
44.86206423609693
50.59960415071002
59.723115976609066
51.87716813998901
54.89629771833128
47.54643670567259
57.26998579571909
45.48970318186241
62.7158884153024
52.865667405180645
49.44721440955617
53.52811728405095
58.023283665479426
52.434336705841815
56.42115386199798
52.255690853964055
57.5112822527027
49.10177407812654
52.82201738898828
46.10894035884988
55.40755778560465
59.67938567885192
57.68549255747136
50.96205987645247
55.087873772869436
60.232240092058674
56.136231360055156
60.05362741819481
54.889406823943716
43.84636840719763
58.46548896461342
56.17003769563463
49.1823450498091
56.67459871849353
58.22845089721832
58.092700733255846
52.6021712964741
60.56950313545872
54.35597373860201
56.04270773303442
54.484345867949045
51.66902374235845
57.92461031504526
57.314506925564366
60.86606948955382
51.07918223620799
46.33155404236597
56.16050339155023
56.46214619529264
44.358624628360474
42.205056342385944
57.91207810278302
49.10239361598899
59.57850794854113
52.95085677645672
55.95113738086546
40.10060394744187
52.76555807812832
58.50113511738453
48.51724953872139
54.55132529410106
57.53954911326569
57.55144945699841
41.640607421703905
43.124676569372085
49.982691367310075
58.84690029647659
50.97624986457092
54.6823348093977
52.95077692507956
57.56130276881383
48.07956841791585
42.86908237839696
53.694091132806285
54.94352662151882
43.388629873246245
48.677727736186604
49.21631302162184
57.471322626026264
54.3344853791477
47.2646482080866
35.323444095933134
36.914055083238125
47.231134133730926
51.02061295424357
54.07585609965895
44.03520521252663
54.74543262539953
45.81297396952032
53.66519360059427
46.46544336941037
52.34325072278385
52.70296546125813
56.58459816317706
48.79462910074413
53.093434365525525
49.00356544169555
47.165848365171506
57.36259504062392
56.21224312097185
49.016793572470135
54.38285395409643
52.204407644064396
53.86744249958306
53.793147875779546
56.18579561779263
45.21415264256333
51.45754267525764
56.40304694525614
53.662451637855554
49.291739638518315
55.77599048855275
49.90878015514036
55.44295185871849
46.65268159331237
45.17779188336226
57.635669584613325
40.901467626828556
56.77775333309752
58.169547525858306
55.372961700231926
49.928872918580055
56.020337582092424
57.636938951143364
57.72866467391214
57.82204610270033
58.54455933387527
46.315270753868234
52.62373201335626
46.477411378558095
54.793016008698174
57.68950070821808
57.12480812025936
51.42786889419956
55.05932566943788
47.00847521723729
51.95664076523312
56.019961776629145
59.915857454123284
53.2201441249994
59.86865882973372
38.39352003953012
53.91050258606463
44.71055287578188
44.60783099628345
41.606660947737765
47.14880159203992
55.820373895957125
49.199835022317025
56.91364961883761
46.55925415456069
46.77828938725381
45.045887629696686
43.98874086480064
52.023801024683074
51.06950544492165
53.96890877480839
56.28179771511619
59.22251113069902
40.90758965064451
49.65732283775325
53.77205801345673
46.96365838428768
59.16277980354272
57.962083633497016
57.64426619845102
45.665052509852586
58.85161626074427
42.850724993936026
53.35473788886412
52.377344387940155
59.54453623932051
59.79289379520077
53.894307136868775
56.17418982190428
50.76509730185509
60.76175759945726
51.49409162939692
57.68969338291109
46.81100104104015
52.8818452378784
55.08511861392261
56.40039270683258
52.88948369940715
57.90353326360134
50.25188260020784
58.35004039824096
48.928682370197485
59.79545559602229
55.1644151790336
45.97445526529167
57.80453685987566
55.75086837934382
42.400460015902794
50.35944428735501
51.65679773772269
59.72420390652622
44.128192388244315
50.92830598015277
57.069477590798186
58.0058992270593
52.16541079013503
48.86402135177087
56.73537924687434
49.02344026268547
55.208045428973314
52.90661568220383
58.39151014500175
51.09529676567777
48.33639139820184
52.69028775446485
51.462702226506536
53.604836406014215
57.989567681633254
55.934868715894964
36.396612775869954
54.855231710419005
51.267483499944824
51.375264676367955
51.05646337079783
51.93178224819326
57.13228217859127
50.10152794158769
50.65913149695686
55.41207251614307
58.310158136358375
55.69841296042206
50.08651534258897
57.80954638579914
60.64576781760418
60.053661390849825
57.02418341615778
58.70864863999618
58.827083094938885
48.84829438481404
54.07214665505113
48.743998650240925
49.525202768835605
54.040940671297605
52.72544240007949
54.151888208110336
52.22832745429613
38.78518912587036
53.366436738425946
52.52644353311358
60.692962704633246
47.88283341669413
55.667700354429
52.126677649850336
57.17153392361992
50.182224644510654
56.13537978954156
49.97280093188198
54.63687968272845
56.4206066353119
59.58429030084456
59.24604244890192
56.48010988686938
46.36239866303768
56.1606714961865
31.06269967070959
55.09328129689677
58.57981461431212
50.178013213300964
51.476713828124794
58.53837329129631
48.87133042724747
54.615175729311304
48.90077805006521
50.53551004117785
47.60035112955184
54.1456866819102
42.19277305476845
51.4995212917476
53.43287429251501
48.466665787922814
51.59742384455341
51.33142855455639
54.89407951136297
60.185164015716595
57.1214000575993
44.61783889345519
60.15927744441157
55.4855534915133
59.27399715825028
52.92216502523813
54.645771288425436
48.023534365825206
56.170549272919956
53.974573333415634
62.38602724087904
51.577661628921106
42.74053760548518
49.58923088555132
54.024519114928644
49.175681897883656
48.047887570727994
57.137826767161116
51.538781785356946
52.46285699246556
50.45619980549799
50.46195343672913
56.15201942080301
47.873231763561634
54.615161553392156
57.380107994477314
44.575519999635496
56.41306458660122
56.72125891808272
52.78496020262621
46.5081273650525
45.79834103277534
40.73649832419606
38.47556548888703
48.53620401888665
60.94808216177402
53.236972196942475
43.1913228883523
60.10090845848944
49.10626548889156
47.92203522095817
41.75741816071016
54.41222673473017
56.46747184328741
53.9932025162834
45.184432216845885
58.206149392842036
55.451523443331524
52.265285299573414
45.65186651991116
48.00229822183424
46.806406811470744
56.24206153273497
52.496043489171875
57.141656040915066
47.158863311280264
58.026122105943486
56.22390160056217
52.04028406344618
48.2399438575185
37.96363450646707
52.53107834221279
56.04052444662056
55.89964790605257
45.06291514833723
58.26798561047124
57.42421093134485
56.427518721742686
39.63492816822389
48.07696093376116
59.37199742655121
52.304099676515186
55.676654525757925
56.1373380758804
53.5913410708164
52.07104573091466
44.42420125770405
52.15277582229711
52.95300289164046
57.22709483005812
55.79012170233206
47.406165594140546
44.29032831456789
49.26213309280207
53.87282053474579
44.98549393600697
39.65147776995338
60.51798942210254
51.626635294986656
49.51766457148107
44.627622675955834
55.06351114217887
54.11090352692113
58.517496379498304
54.87695508151246
55.697101268543136
57.767619652494425
52.869327366068944
54.97112999000778
34.422510320406566
59.208066289296035
53.49146077071458
55.38539909078204
59.34619115369168
52.81507931421426
51.6057394877733
50.413187529967445
47.71085962983619
49.9407991171379
50.676069099486625
58.241319815911446
55.61880239052946
53.13316282796081
56.23409827016236
53.69129812516566
56.49838550870341
54.74458091151462
55.27765683366063
61.41615606049858
55.909145453539146
53.48855011981024
60.560965009312284
58.157986472326535
60.767749881686825
59.15846634305009
53.53453978169422
46.39007899801402
55.7697290566994
55.61648504512825
48.981412723208436
53.268881978882014
54.86142193117702
55.23887589731441
57.0183201459599
53.1262172647299
54.909864290459424
50.02081457925428
53.14597500518787
49.5705446765519
51.055658575151874
60.48092994839255
49.011411460049885
56.5396538403055
54.75748099998982
50.40399312876382
51.349272575558835
57.05752884151853
52.09044821182167
54.177055566611216
38.54186788462646
52.45411762902543
54.38398195257936
55.6004284804925
55.03761970020939
53.77490126729499
58.28756758218514
60.28340902951102
58.9727153466234
50.69057137522786
50.88118109024354
51.62834910643268
58.31228527767376
46.534694939698504
55.51356323982931
54.90095074797261
45.58918048744789
57.609956121217095
47.451844376283326
51.28578510739203
52.370125000640854
53.54030250464328
49.4828985621014
43.63633673498737
56.51273366866146
47.57224418344254
45.038386511748186
50.0078473071959
54.62113412546995
53.4909459680303
54.591272515349786
59.48183392113308
48.604932498646434
57.17340113048881
55.050580387412076
55.22792223410353
54.930517334153414
47.23177058979408
57.56285430857176
51.96707576517336
42.16546239585878
55.53853788052902
53.7448440003049
56.75366834954099
51.98172972754471
58.829179898592045
49.229253616019435
58.027351429436706
49.743143832245444
54.70890055517607
62.42812019942804
51.773219047711585
54.26787065775831
43.73048589810161
54.401468558837735
53.8834644638242
41.487897007984216
52.32492666247968
58.084737656678215
45.53733105975235
52.24456677473101
45.30879689677238
54.63064429729036
44.17772987068386
55.01822278489793
54.47832977358154
43.95843766220538
52.203422792150356
39.16692661243382
30.549089644512478
53.99280747020971
55.53015513585034
53.03856090101326
43.677798920778635
44.10679772687373
52.564051111527135
56.76341857547886
49.78252760487125
51.351353970191376
43.0719658109461
49.910807729626256
56.40507058248643
53.70510666549103
54.72984038873224
57.24554717854389
45.11059596830829
33.71796582557029
54.023049072856104
58.84407489676508
52.356385940237196
51.158839562455405
56.07580693523851
55.53755312601616
55.58684380834847
53.11679499847875
54.98714984327294
47.25785227697496
43.0612768241094
40.730581502909914
55.827718177866146
52.026868503083776
50.709624146261035
56.96028146365474
47.45924796706176
54.0171258041301
52.06094764702456
48.3429824816681
55.99536350371167
37.739179566266316
50.4749142382149
54.636652081416145
38.02943601213167
47.37295447599549
46.93338884030233
55.72863296426763
45.46391274101726
46.877620085393715
47.8770680030465
44.696032576762796
48.671146141156
57.65660136620375
45.626545990602374
49.673932320275185
38.45868711027862
41.79433611906545
52.58873613269239
52.18588443717118
54.12018847037147
44.33707846770287
57.35653801140974
43.13668866803767
34.88353298789558
57.059491921408764
54.90517200462331
48.68217321002944
55.28448794117428
54.157437577904744
41.717112767414875
45.1879346330059
56.675738811861514
56.54974136931862
50.467146996424
51.125012211918055
54.10630811057544
27.82073186118894
49.560611141003804
47.58203783539166
53.561889596392085
49.34678688797512
47.62702104885537
48.43331664608851
49.66060950164247
53.498476499545866
47.26162887157129
55.78977041210479
51.60359424210231
56.12963996007938
54.91305796464686
51.42184249434437
42.405193980547566
48.97579523211755
56.72542300332851
49.999660145698826
48.76332397949149
49.95955630755685
49.636864993649866
47.92344455350275
53.46763174555563
46.05352351126686
46.46001685605543
45.812021162710806
43.78919417078973
51.08254611480717
54.627056152800066
43.4441279546985
38.496206775539015
47.005754463468335
52.92400208009238
39.931280606340245
43.10775403372831
52.6616948241421
54.53319997872629
48.013047227312946
50.59084873630931
50.84882615592062
44.98538673052912
49.895678470522704
52.97225175591558
51.44542961316538
56.23924911395665
49.23584941199536
53.85291704502752
52.55430270664221
20.77994407980411
47.23722949838579
47.81110681944159
54.01471335970954
48.43414366808197
52.78138229592906
38.42242237215806
50.97971465639571
47.237102047484655
40.72646518658392
45.296256081907146
45.32657394020545
50.4525320938453
56.1222949813703
49.18182470783195
51.50938821220777
54.125326338183456
48.13266663340493
50.307226675834585
27.751094147086345
48.05890520960724
48.53262141576084
48.48373248400737
53.36696950709368
49.43550393538434
13.628445954260346
48.25737856886518
37.03332505711649
47.70449291050771
47.445917959406
42.238185733771026
47.11999465059124
48.13001478867378
47.41356796057065
38.98969864589413
46.86257042603853
39.49486777030393
49.493384880720754
49.03586645603128
43.770411042361104
45.02388631671157
52.211889267458005
52.10939670204624
55.549740559737224
59.08954325048792
60.05775018790001
59.56915590562598
61.590860148058184
59.56915590562606
60.05775018789993
59.08954325048791
55.549740559737025
52.10939670204621
52.211889267458304
45.02388631671133
43.770411042361
49.035866456031265
49.49338488072111
39.49486777030387
46.862570426038246
38.9896986458943
47.41356796057099
48.13001478867365
47.11999465059128
42.23818573377112
47.44591795940603
47.70449291050713
37.033325057115704
48.257378568865064
13.628445954261174
49.43550393538434
53.36696950709361
48.483732484007604
48.53262141576053
48.05890520960727
27.751094147088434
50.30722667583451
48.13266663340503
54.12532633818364
51.50938821220777
49.18182470783173
56.12229498137019
50.45253209384528
45.32657394020542
45.29625608190726
40.726465186584164
47.2371020474845
50.9797146563957
38.4224223721586
52.78138229592913
48.43414366808194
54.01471335970983
47.811106819441775
47.23722949838567
20.779944079802156
52.55430270664223
53.85291704502751
49.235849411995474
56.239249113956575
51.44542961316543
52.97225175591549
49.89567847052287
44.985386730529626
50.84882615592062
50.59084873630923
48.01304722731316
54.5331999787263
52.66169482414207
43.10775403372827
39.93128060634084
52.92400208009245
47.00575446346869
38.49620677553945
43.444127954698565
54.62705615279995
51.08254611480724
43.789194170789614
45.81202116271069
46.460016856055475
46.053523511266874
53.467631745555515
47.92344455350262
49.636864993649766
49.95955630755688
48.76332397949139
49.99966014569891
56.72542300332861
48.9757952321176
42.40519398054747
51.421842494344475
54.91305796464686
56.129639960079516
51.60359424210231
55.789770412104794
47.26162887157122
53.49847649954607
49.66060950164247
48.43331664608836
47.62702104885531
49.34678688797526
53.561889596392255
47.58203783539155
49.560611141003676
27.82073186118865
54.10630811057541
51.12501221191796
50.46714699642365
56.54974136932005
56.67573881186128
45.1879346330061
41.71711276741413
54.15743757790491
55.284487941174135
48.682173210029575
54.9051720046232
57.05949192140885
34.88353298789566
43.13668866803746
57.356538011409846
44.33707846770288
54.12018847037131
52.18588443717124
52.58873613269241
41.79433611906528
38.45868711027851
49.67393232027529
45.62654599060259
57.65660136620372
48.6711461411559
44.69603257676239
47.877068003046624
46.877620085393595
45.463912741017324
55.72863296426761
46.93338884030209
47.37295447599506
38.02943601213198
54.6366520814162
50.474914238215064
37.739179566266245
55.995363503711545
48.342982481668344
52.06094764702458
54.017125804130124
47.45924796706156
56.960281463654795
50.709624146260914
52.026868503083854
55.82771817786608
40.730581502909345
43.06127682410913
47.25785227697517
54.987149843272896
53.11679499847875
55.58684380834848
55.53755312601613
56.07580693523859
51.15883956245539
52.356385940237345
58.844074896765164
54.02304907285608
33.717965825570325
45.11059596830834
57.24554717854387
54.72984038873224
53.705106665490746
56.4050705824864
49.91080772962617
43.07196581094598
51.35135397019145
49.78252760487143
56.76341857547882
52.56405111152724
44.10679772687438
43.67779892077864
53.03856090101297
55.530155135850364
53.9928074702097
30.549089644510406
39.16692661243377
52.203422792150434
43.95843766220515
54.4783297735815
55.01822278489789
44.17772987068396
54.63064429729033
45.308796896772876
52.244566774731005
45.53733105975202
58.084737656678236
52.324926662479655
41.48789700798438
53.88346446382431
54.40146855883765
43.73048589810178
54.26787065775838
51.77321904771176
62.42812019942804
54.70890055517616
49.743143832245444
58.02735142943657
49.22925361601938
58.82917989859205
51.981729727544334
56.75366834954106
53.744844000304624
55.53853788052901
42.16546239585906
51.9670757651733
57.56285430857169
47.23177058979484
54.930517334153414
55.22792223410356
55.050580387412076
57.17340113048887
48.60493249864657
59.481833921133074
54.59127251534973
53.490945968030594
54.62113412546977
50.0078473071959
45.038386511747596
47.57224418344222
56.512733668661525
43.63633673498665
49.482898562101774
53.540302504642945
52.37012500064097
51.2857851073922
47.45184437628331
57.609956121217124
45.58918048744796
54.90095074797245
55.51356323982929
46.53469493969854
58.31228527767376
51.62834910643274
50.88118109024339
50.69057137522784
58.97271534662339
60.28340902951112
58.287567582185176
53.77490126729484
55.03761970020943
55.6004284804925
54.383981952579376
52.45411762902552
38.54186788462696
54.1770555666112
52.0904482118216
57.05752884151864
51.349272575559
50.40399312876346
54.75748099998987
56.53965384030538
49.011411460049885
60.48092994839244
51.055658575151725
49.57054467655177
53.14597500518814
50.02081457925428
54.90986429045941
53.12621726472975
57.01832014595992
55.238875897314415
54.861421931176906
53.26888197888202
48.98141272320821
55.61648504512825
55.769729056699276
46.390078998013806
53.534539781694264
59.15846634305013
60.7677498816868
58.157986472326556
60.56096500931225
53.488550119810355
55.909145453539125
61.41615606049851
55.277656833660615
54.74458091151466
56.49838550870332
53.69129812516566
56.234098270162285
53.133162827960874
55.61880239052962
58.24131981591152
50.67606909948645
49.940799117138155
47.71085962983652
50.41318752996795
51.60573948777346
52.815079314214195
59.34619115369172
55.3853990907819
53.49146077071459
59.20806628929596
34.42251032040664
54.97112999000784
52.8693273660691
57.767619652494574
55.6971012685431
54.87695508151228
58.51749637949821
54.11090352692118
55.063511142179024
44.6276226759559
49.51766457148076
51.62663529498673
60.51798942210258
39.65147776995251
44.98549393600687
53.872820534745756
49.26213309280185
44.2903283145682
47.40616559414025
55.790121702332044
57.22709483005819
52.95300289164048
52.15277582229716
44.42420125770447
52.07104573091463
53.59134107081629
56.13733807588059
55.67665452575801
52.30409967651517
59.37199742655125
48.07696093376106
39.63492816822307
56.4275187217425
57.42421093134479
58.267985610471186
45.062915148337
55.899647906052756
56.04052444662053
52.53107834221278
37.963634506467685
48.239943857518384
52.040284063446016
56.223901600562336
58.026122105943514
47.158863311280314
57.141656040914995
52.49604348917202
56.242061532735086
46.80640681147091
48.00229822183382
45.65186651991148
52.26528529957334
55.45152344333151
58.206149392842065
45.18443221684565
53.993202516283446
56.46747184328742
54.412226734730226
41.757418160710166
47.92203522095831
49.106265488891545
60.100908458489464
43.19132288835214
53.23697219694261
60.94808216177397
48.53620401888649
38.475565488886275
40.73649832419545
45.79834103277478
46.50812736505212
52.78496020262637
56.72125891808277
56.41306458660121
44.57551999963584
57.38010799447723
54.61516155339218
47.87323176356186
56.15201942080301
50.461953436729075
50.45619980549795
52.46285699246562
51.538781785356974
57.13782676716114
48.04788757072792
49.17568189788345
54.02451911492879
49.589230885551665
42.7405376054855
51.577661628921035
62.386027240879045
53.974573333415464
56.17054927292
48.02353436582537
54.64577128842541
52.92216502523818
59.273997158250246
55.48555349151318
60.159277444411536
44.61783889345491
57.12140005759923
60.185164015716595
54.89407951136301
51.33142855455675
51.59742384455334
48.46666578792281
53.432874292514974
51.49952129174764
42.192773054769276
54.145686681909986
47.60035112955193
50.53551004117787
48.90077805006505
54.615175729311346
48.87133042724773
58.53837329129634
51.476713828124765
50.17801321330087
58.57981461431209
55.09328129689676
31.062699670707417
56.160671496186524
46.36239866303812
56.48010988686936
59.246042448901896
59.584290300844614
56.42060663531194
54.63687968272866
49.972800931881906
56.13537978954156
50.182224644510626
57.171533923619904
52.12667764985036
55.66770035442903
47.882833416693956
60.69296270463322
52.52644353311362
53.36643673842601
38.78518912587087
52.22832745429635
54.15188820811031
52.72544240007945
54.04094067129758
49.52520276883565
48.743998650240734
54.07214665505104
48.848294384814295
58.82708309493887
58.70864863999604
57.02418341615779
60.053661390849875
60.64576781760428
57.80954638579911
50.086515342588754
55.69841296042192
58.31015813635841
55.412072516143105
50.65913149695668
50.10152794158786
57.13228217859145
51.93178224819355
51.05646337079769
51.37526467636806
51.26748349994465
54.855231710419034
36.39661277586936
55.934868715894986
57.989567681633226
53.60483640601441
51.46270222650655
52.69028775446473
48.33639139820174
51.09529676567764
58.39151014500193
52.90661568220378
55.208045428973264
49.023440262685554
56.73537924687439
48.86402135177086
52.16541079013516
58.005899227059274
57.06947759079809
50.928305980152615
44.12819238824427
59.724203906526355
51.65679773772269
50.35944428735492
42.400460015897686
55.75086837934373
57.804536859875604
45.97445526529179
55.1644151790336
59.795455596022265
48.928682370197464
58.35004039824106
50.25188260020647
57.90353326360126
52.88948369940708
56.40039270683254
55.0851186139227
52.88184523787845
46.81100104104027
57.68969338291104
51.49409162939583
60.76175759945733
50.76509730185503
56.174189821904264
53.89430713686889
59.7928937952007
59.544536239320564
52.377344387940134
53.35473788886415
42.850724993936694
58.851616260744294
45.665052509852416
57.64426619845104
57.96208363349709
59.16277980354276
46.96365838428768
53.77205801345663
49.65732283775334
40.90758965064456
59.222511130699104
56.28179771511603
53.96890877480835
51.06950544492171
52.02380102468317
43.988740864800675
45.04588762969668
46.77828938725389
46.5592541545604
56.91364961883767
49.19983502231719
55.820373895957204
47.148801592040144
41.6066609477368
44.60783099628302
44.71055287578231
53.91050258606468
38.393520039530806
59.868658829733754
53.22014412499954
59.915857454123326
56.019961776629195
51.956640765233274
47.00847521723722
55.05932566943788
51.427868894199555
57.12480812025941
57.689500708217984
54.79301600869806
46.47741137855814
52.62373201335631
46.315270753868
58.544559333875284
57.82204610270027
57.728664673912064
57.63693895114335
56.02033758209244
49.9288729185801
55.37296170023205
58.16954752585832
56.777753333097614
40.901467626828435
57.635669584613254
45.17779188336263
46.65268159331234
55.442951858718416
49.908780155140704
55.7759904885527
49.291739638518465
53.662451637855675
56.403046945256186
51.457542675257635
45.21415264256338
56.18579561779262
53.79314787577954
53.867442499582936
52.20440764406436
54.38285395409653
49.01679357247032
56.21224312097187
57.36259504062389
47.16584836517136
49.00356544169547
53.093434365525425
48.794629100744096
56.58459816317706
52.702965461258025
52.343250722784134
46.465443369410046
53.66519360059402
45.81297396952053
54.74543262539967
44.035205212526726
54.07585609965892
51.020612954243425
47.231134133730954
36.91405508323745
35.32344409593527
47.26464820808658
54.334485379147715
57.47132262602619
49.21631302162156
48.67772773618686
43.38862987324566
54.943526621518814
53.69409113280629
42.86908237839779
48.07956841791584
57.56130276881385
52.95077692507958
54.682334809397936
50.97624986457072
58.84690029647657
49.9826913673099
43.12467656937152
41.64060742170445
57.55144945699844
57.53954911326577
54.55132529410104
48.517249538721586
58.50113511738456
52.765558078128265
40.10060394744179
55.95113738086552
52.950856776456654
59.578507948541116
49.10239361598886
57.91207810278293
42.205056342386285
44.35862462836128
56.4621461952927
56.16050339155024
46.3315540423659
51.07918223620794
60.866069489553865
57.31450692556428
57.92461031504522
51.669023742358355
54.484345867948846
56.04270773303441
54.35597373860197
60.569503135458746
52.60217129647398
58.092700733255796
58.22845089721825
56.67459871849354
49.18234504980914
56.17003769563468
58.465488964613435
43.84636840719757
54.88940682394386
60.05362741819482
56.13623136005526
60.23224009205868
55.087873772869486
50.96205987645243
57.68549255747138
59.679385678851844
55.40755778560464
46.10894035884976
52.82201738898826
49.1017740781263
57.5112822527028
52.25569085396408
56.421153861997965
52.434336705841424
58.02328366547931
53.52811728405116
49.447214409556324
52.86566740518066
62.71588841530232
45.48970318186225
57.26998579571908
47.5464367056728
54.896297718331326
51.877168139989166
59.72311597660908
50.5996041507108
44.86206423609665
52.57781573654817
56.00675017591381
52.65332904677746
53.53181424936273
46.47913532684663
56.47965311341298
49.62885031942289
57.95149510476915
44.18250284724968
60.0646657884156
50.47455479366662
54.70541856707428
53.90564909533717
52.8395048086179
44.802806765514234
58.98765198000304
54.43001959718721
43.710948975380916
51.41238194143035
53.81216671218887
54.54510728427739
50.56847814141349
55.057545257174816
58.59307334460346
46.8280662957054
56.58532701341338
50.68952276519862
49.93027131943697
57.07549975565021
55.583585267649184
57.7836160637607
55.587268998333
55.038236160768065
51.87089806605994
62.292846264873575
44.13471343115055
51.314306888831155
54.28879946807253
40.034360195248134
59.772741831899474
58.12428884879766
51.08368411401586
51.88236216675307
57.69819558800182
59.40430868124993
43.679654197915916
54.789301604687914
57.565964659975954
48.897229397111886
40.40079000202185
45.98000900587104
51.93506976841212
51.06886967907621
43.59483849369357
57.79833396347129
47.7314288043059
52.074540244699996
52.563189981254304
52.33878884663177
55.57349116855541
47.81093900046545
55.893326108206274
50.34451078238483
28.581412617333246
56.84234549997758
55.93693980535978
27.853245993090678
56.56711826955858
55.10405066432294
59.458203987270494
58.19724969225555
53.195323128787535
50.96764739844869
55.942730633132165
39.176594844036785
58.52412692950825
46.71726142774452
56.88710218659615
55.551515823046564
57.777759089566665
53.58323074205569
51.29735120328942
52.94436627165797
50.18968646752434
55.675839473650356
51.17365129640228
54.07575535291858
52.370870297747246
51.120633708666674
56.33237350802112
54.852050283279695
48.081364500457966
53.797690230787154
52.883373994821966
47.85133113803965
57.128910954792474
45.43246796416093
45.17318732443708
44.36021440947738
47.38330093145492
60.770369238574595
58.98162278304025
53.592802888427364
53.7869480460866
48.720264231633664
52.92525930729063
52.76748297517672
43.947654798406276
58.08112440711792
55.34756238222634
44.86324059015363
56.911319880765305
45.07268605584737
57.17179750578885
53.37311225458353
50.61100188296328
51.6005146080792
50.034956129759834
46.53440365581463
54.77764120572782
54.00543983645569
31.801299343737547
55.191420765896446
55.991292580006714
57.30130056800923
44.23683137271762
58.720565821183406
59.36900087734302
56.06900841289087
55.32565486550121
41.80154559453292
33.35064020394293
48.91856692665921
60.25313165390933
57.39807674309563
47.734155505616414
56.26242658157701
47.13911103910969
48.19986773412601
47.485457730890545
53.5694922732798
54.36536218132828
52.862518245539285
45.89427366824762
52.161592376736465
57.43749809482097
54.20391854070823
51.553377672484196
50.065930315003826
50.32498403732116
56.19063468976972
54.39710127279837
38.76827625645649
54.07877395346944
53.77988771061514
54.49399581540249
49.47611634323366
54.574989241818734
53.01882670651162
48.96794570960886
50.59395406971609
53.58301420985256
52.49986188116192
58.34395391389701
53.41050172799881
61.42641792396361
51.24781554883982
47.65830770935604
52.23182532912042
51.78948015323228
55.95527208100795
50.49167154741718
50.665890567142206
15.821977849075417
52.09922065255317
54.688925586989264
54.13600845004068
57.23110467381893
52.899435460899014
51.23418011585315
55.58454951007242
48.40496489364527
55.72925086398196
57.70161874832243
57.69328842654098
48.085099301391764
57.69439959655881
56.21464269756123
50.20339893567926
45.961762777268056
49.6765371062491
59.47803260653066
53.400727803814185
51.03523583836267
58.918068423618514
47.22203634604198
41.722157413110324
33.83086248726124
58.49919820179263
39.627350122268076
44.788320896838044
55.065691352046755
36.687053837642345
58.77914484211879
40.92868321362012
52.0229640008846
48.04899454547048
51.73654881407742
57.647400210189524
54.22263044947188
52.96043652978704
55.50732880447192
41.4897186367174
45.75667290060059
55.707565419361856
53.46388556801762
50.859295757713525
56.23768926210768
51.66779081106889
45.56690199297109
50.0353366308985
54.422269130833186
55.03280840162521
52.47006555957115
56.41763145970563
42.9362518155811
58.236540521056625
53.15461488440196
37.74124532302472
44.11794665529949
54.33519317201947
47.57875871127305
49.476552847938684
51.555186868150244
49.787660988281466
57.55773009707223
43.195941509551716
50.1441335286424
54.22074689047993
57.84181819154321
51.01858026246368
52.94047800811123
56.83066148417278
50.80706736690701
44.053316516344566
47.547270616107504
51.58989507199759
48.695603483669544
53.00469037938758
50.107966899022315
57.11456796767057
53.519273286567696
55.25953915014105
57.636324343339226
51.04142701441561
56.87624417669197
49.40649295146241
43.16464526734963
48.19034715966644
54.54636652636866
52.701104374436376
42.742443995856576
46.84781964749803
52.168862688664355
49.81189464694407
50.76522399275126
55.24023995072479
52.23859013509012
52.27530889972812
46.53671662832973
51.286232741003666
55.05989059266141
45.71159105413432
58.276665758789086
51.94724932080593
42.831292871621955
52.71082967751348
58.034245159945
51.41864997441029
40.426463170332084
44.868374473814725
57.589832065037626
51.227558719031585
41.04599925287558
56.322240518567035
51.07701993998867
55.444390129254906
51.392556417427116
57.249372965580825
49.74470572023287
52.97144377919413
55.506404667409235
55.62640009144255
52.98895248687312
55.766593338599066
54.50484147977129
49.58330102795096
52.68971588986129
55.35237901401043
46.295486909139704
56.16444707562014
58.30329788350146
57.86659421455977
51.175025662868414
55.11124335794192
49.586762777924335
54.495233317162246
48.9913958811792
42.87653314317963
45.740105878013566
57.05741374234448
48.61808373889687
57.221441579061285
43.00520971013632
53.371518374787414
52.87101309763052
55.096049964984495
57.60424581202142
57.56931712654386
45.991339384212594
46.9960386927104
56.62203581104248
49.46406844235277
53.10988590181183
53.70659553064952
56.350154465553416
54.65089861229125
57.25634369087412
53.946436737890124
54.2161153935579
54.914050554319765
54.78893641087632
55.90188814852756
51.383303986279536
55.7029335130578
51.358851136489285
55.22130430634456
52.92979558371415
46.46955896506932
48.79817290317369
48.59205533214209
52.853604393267524
56.222473969895276
51.185035828196405
50.9735262950052
48.624487294563735
49.45880630032724
56.866168302192094
54.90224054570368
54.60462605295008
53.466824747798086
42.47980446182225
53.91773121964909
51.07061202851304
52.352571155100726
53.73174511402442
58.82288763068197
54.67624590211823
53.97885556910367
48.394569950169725
56.15648789974696
51.090083285417414
51.397717051306095
50.92530434172212
52.584353759266506
53.592424695703556
55.95303015750243
56.468403492864795
55.42594031350025
55.22026989981691
56.70592658020175
54.41220885286984
53.50713565244101
54.01981791076228
49.29362233159217
55.86371275480176
54.93201371367157
52.14578241248003
52.769972194570926
43.16923397852179
51.49281335436697
58.390161430595796
52.34080697478312
56.14075403322886
59.004314003062916
52.86588746082511
52.35976582461869
46.46194457967114
51.4457381527961
53.98427504903157
37.96420659949738
45.84851023994104
48.285773387156354
47.46054040298348
49.676885215642045
57.87653970287408
55.2099926635715
51.22352134427005
56.068202487412144
53.34531514724795
54.2622372389518
45.80418586261093
39.58702262213202
48.30369235625801
49.76146315558051
52.13289603106803
58.55941343731298
52.46601882549304
54.818080248236285
50.859176714104194
55.563574549092124
53.611897309721634
51.568657972054126
54.31101074690787
53.192803692611335
50.77952067358413
50.070053739328344
58.809881392815015
54.72514039287344
42.8160407229844
53.99647327310192
56.62504469442405
58.792005620101875
53.794451154886005
51.65380222608146
57.638922213176386
51.12098787981709
51.89780790868832
54.11766114641995
46.15891003590405
54.82980852929387
61.05899908494307
51.41001891029109
56.21642710503164
55.02142970550892
53.46617352565889
57.59663481176703
49.996728913326145
52.10179372638443
54.844991867718385
38.84565580762468
56.58695784596717
51.57065578195776
54.84433196134382
36.036026656346365
47.31101283853356
59.8864489306103
58.56082781251334
55.6400880944565
52.927889371876226
55.59861905506078
48.51126176430907
57.89288547397432
46.41699960889675
34.1309255558068
43.82047780921879
53.57726481964605
58.73592076429262
52.81294171856108
51.97450702745567
47.84207505215043
57.79949193064454
54.573879569251446
55.26965865129832
55.0815323985734
54.402919376845986
53.93350499750827
52.48389915441824
55.99547020054116
55.042746183539045
42.471609923875995
42.98741860200653
44.735804883197815
51.580139496853796
51.01648556222487
58.06065809950914
56.88952302079273
53.841066115516796
52.17009874848767
51.0330658639641
57.72757553605398
59.0279848793627
52.599077073736524
58.52700816282397
59.53352831234654
57.70941947163589
62.23078679491026
60.30693396924157
60.232817263012
41.37934266320152
59.265960658807224
60.71144059776172
56.96700463859804
58.416629955541275
60.59507591665537
55.829434312896716
58.39148040604147
53.895787257189525
60.70812233051646
49.50276148153826
48.86444533699134
48.717034029966925
59.107273550753156
60.65944826770959
58.7802349786985
46.5355498523448
55.21188590096372
41.144972817451745
57.663124405007125
57.868503555839425
50.02004656530754
53.871874869591345
57.39684807098613
61.5024833875532
48.514055963397865
51.79291765069127
58.59370717753819
58.70385904804355
58.023277809816285
57.81049147728771
47.733744926254545
55.43190483812488
63.885247583971456
58.88135570461759
51.76835551523392
55.51448016894862
61.41241470762037
57.92503903067134
58.28970390025769
56.275504085102774
56.83509018720648
60.12335554252017
56.48196630093868
56.134637760789076
62.10343525396114
58.621678105102426
61.08945382769828
60.77217456343217
55.8057953185589
61.230237356865615
58.471552206805924
34.98045501175256
50.75195040145233
61.63859580099354
59.88670583508593
48.420081396786415
62.41962372702845
60.22448437292903
59.22861726429776
58.82196252027967
59.411313522114746
53.80272171085387
52.273683975081475
50.737157970205764
60.23900059020601
59.171122035906436
60.00702094349657
52.25183555196202
59.58001617669098
55.41709934824155
68.05014249584575
65.8248923598906
57.815584243035886
60.970083343582615
55.7579574245326
61.217071931317605
53.40883613932866
61.91504001835639
57.74679902097138
52.67565026320827
61.632668293661155
56.09402802085856
54.934717027103225
62.6054858375712
63.70456223119412
59.75561896487929
64.21214291132512
62.92547466694403
67.21288297635782
63.66749372150935
61.71957145287871
49.97312182786103
53.32766933577904
65.2113202156822
59.24516343758724
62.04039210887107
62.20973623598064
57.18261301681329
61.38954005406188
66.16039844913534
78.42967003839321
66.5842104873091
68.82336796083632
68.23241801536261
62.084845502004015
61.49233998697418
32.865387835250594
62.78346914500514
59.320360321782815
61.229661697357
43.00391014568692
45.009704770166906
56.62112294192336
63.30544796931521
62.76076226844036
66.34644577170948
51.87265268083965
61.85978377889026
62.91429294956429
62.59015722522247
55.61788650903232
64.60614405944692
63.83977115171155
48.17735064111592
63.72857078879025
60.15038337840713
55.61012355163186
57.71397887113885
52.81779158627514
58.80281003180744
46.64824444442828
44.73152440463319
53.99903889832493
55.80596705724723
58.02949845315081
59.406170739652644
46.95161718498205
64.82099743727898
64.80269351161242
63.83900308017766
60.534103335831574
55.8099961812512
65.09659943178987
58.56845071750683
65.44299976959243
61.60741258225909
62.18870340603307
62.694058796414645
69.29076655701056
66.48140620105525
66.60246597249895
61.27614263616793
66.808204035702
67.00894461342942
65.18904372748088
61.924259397048615
68.19741472285375
58.60879236044568
59.79061796056026
58.548883454132095
60.338105450704155
60.97536045356062
58.178884013262994
60.134909501327996
55.167647125012905
57.94283637271312
57.17175411006536
57.69804636583292
54.902386423549586
47.39128605183468
59.21764156625691
60.29118717291507
57.01473056566254
51.019850848141786
64.45681797146707
55.22071754413966
58.76479348341428
53.91591847006748
58.789675133914876
47.07999473355088
43.19857195916696
52.77835486921792
56.89263756561185
45.666359034121115
59.929263729555785
51.86699923210359
55.459663718277255
51.42240780389096
49.63883983684642
53.163084981833244
57.7808898470761
33.10309286729006
38.40329443227627
54.92391369042774
63.041579265826485
60.94568665513198
56.130747961355574
65.1994614374014
62.694451008192175
59.16778171611594
47.428433215353174
55.972458810299095
53.774838156927565
51.448368661094996
60.07899798180336
53.97492736402246
51.3871012402517
55.019823057100254
43.03633338928407
48.24888083817018
50.6782997850284
44.08023055224952
61.05075545365786
57.40260020780737
59.31572721815377
62.89578884828111
53.60829911836211
57.38156126806985
56.8456504005059
56.67434048346831
63.885890377308016
62.53503727507442
50.07419065528582
55.43155195453387
46.603219318353496
46.201357816332305
48.97632586250106
61.3677854757021
41.906488488217526
38.33735598744891
60.75397881327234
55.732876607429816
46.46848675811002
63.55582777558379
58.81210277618916
56.3355943270936
59.35361098564593
57.697692437300034
49.52101502019886
43.87991465965891
39.01644833226526
51.99139481276453
60.4247790987675
58.28587631506751
48.742674467045816
60.88369436471271
62.428854995772795
65.16431959094471
58.39486274296962
57.897768662154014
47.97978154311678
52.97703755319496
52.33817089290351
54.426289648027804
56.50082092336341
51.584585611853164
57.08259820690821
67.69664354766955
64.01890951667244
49.45067298328257
61.64981846375041
50.502895264532185
49.78012786397889
37.62381152823009
46.963644506596296
51.440176967536395
56.844597096031855
60.755834920290894
51.667220025043726
54.87321024943896
59.42097206200388
64.64915791345729
63.65736323112937
53.00311492001182
59.39679599375953
55.593245117208355
48.18781857135611
56.83854989960848
53.75592032665244
57.6900694277188
58.84815739032103
57.78727944545008
61.38892722785489
62.58031913990518
52.9738239904794
58.48974081176257
64.35781294291002
63.64264987950877
50.048754599586445
54.588026268222656
52.33335957469217
60.984409424652384
62.33302895897441
62.761821259964215
58.38790786076053
50.78488370802222
53.147472144501734
59.21347223824946
65.90305352133767
59.69259302281902
53.36039672086304
53.083011772702555
59.50036497550524
60.67125034539853
52.814290454474026
46.75915233644901
61.530704157455915
44.54417263227191
51.55413452411183
50.054491130906015
55.865595299261216
56.14721963751496
65.12840153407033
58.105082222948454
61.957724413327036
62.771053373795276
44.41407437711541
52.686983468400406
67.79892127279739
65.44496876530708
66.28432014586501
59.506979456864826
64.83388842495731
55.64460337703504
61.973721328649525
58.91382471113454
65.16661381272543
65.20214891874444
54.162821387434256
56.78380664077915
62.00311044488278
62.52557329699394
39.309058191579034
57.089708665940094
56.766471046146656
63.6890144760531
54.757686239578746
53.181874420695074
61.98670722616916
57.82636308382375
60.76844434393753
63.33756979275498
57.1385857739657
68.09720959004805
63.88870611684339
66.98016374084168
55.47324343208241
69.05946747859046
62.200404857114904
56.83169251428991
69.5373870152115
54.34936262091419
62.28731595918521
56.94208308330592
65.06500605365312
59.96874256001965
60.53125818705864
67.5663398244924
64.80709885289022
63.596103839876754
49.680538131536174
61.285915690503934
48.38083622931777
61.583214207366424
60.224234057450886
63.482404323744944
48.9760051418135
64.89826218471413
55.792434280694565
62.626655799682815
58.75907998171736
63.21152709191152
63.6053642911386
50.40577954856941
61.88722747538908
64.79480200849227
66.97746530255804
59.578409241108915
66.2193921792284
67.45904150698333
66.10058494690523
68.10868040512665
62.41788853380535
47.585804849494835
64.91295497513897
48.47785870183971
64.43780656646015
70.19474201586956
69.28893506766426
63.27585612200451
60.87912938156602
64.32253471855475
64.19687538642657
64.28681765969617
62.45575967474042
63.83232261970731
71.81511822450122
77.66192401971135
57.706643078641335
59.898395222455036
65.17753286909057
63.62323484473005
66.80338945864145
62.5764855894015
70.48034282987231
68.27393026169065
71.32846788136666
52.22437629507175
68.49526160886151
63.79348707752277
67.69395748310225
62.01108128275568
73.3112351030426
72.13372760159918
69.67800350565506
54.12779627207318
55.69358350326848
66.90221100197553
60.53565028810886
70.74177193575646
64.08370472438664
69.57802966604505
65.59569816466454
63.357552809980774
65.31134830245831
58.199243894856764
65.43017509250801
65.27000118833146
60.07992935262068
62.71625079150948
70.06330782136695
62.62903547116864
50.0922534836651
67.51011074605195
66.21221444521724
68.14392725677645
69.56191921327868
60.211520889266026
67.88763805036255
66.53529190009283
59.09041738400504
65.83613871631965
55.14287487012835
56.03598013503025
68.63219035891727
70.39887996521928
63.7989262540928
58.104373672126634
70.11717650041105
74.68129120733019
74.64283008557821
67.82591243068435
69.94239393263594
72.29783522804803
73.36846869883925
69.9328314345596
71.02280332661115
72.0800326022945
75.17803566399823
71.71741568772944
74.4168716862954
78.78027926919243
74.55315131631325
77.0591462124092
89.82588742193798
103.2989094068826
85.86312610356285
88.22962492296755
81.47134617220972
80.18412203930404
78.23584640998668
74.71101033086083
74.92438292156707
71.64329442970904
74.91335984871998
71.7298244222511
65.82610525185962
72.51514990153468
78.66481720767902
84.01333713459871
94.71351288307949
85.3202990892218
75.42133440356083
78.83143460458786
75.06397924633136
81.3705081303744
76.71208155465108
73.39420894091462
68.82184537250637
76.53680665958126
77.58695914140495
77.77538007796595
78.93186873598259
77.69409153808206
72.12803902002318
70.75942165043388
77.26334636912173
67.11217502492542
56.175020349358505
61.754680390260724
63.773552040068076
58.687181834588564
64.18747271144579
64.99301175015165
62.231204770424654
69.56009126271982
67.42821541959992
58.6763149165641
63.05768986782299
55.92558231927829
59.613394417235625
69.31150878930136
71.37051779190436
70.80924930273711
73.14275877478734
77.02615209134707
76.25240078337852
67.44068184782721
72.09448693154803
63.619769416136826
64.32868910677419
67.76208400672353
70.24297596352685
45.8135760500823
70.33180274745234
76.90296847561949
65.86538309208254
68.68111841284137
60.94963943035453
69.61560048759564
72.76040521309699
67.7202003472909
64.91967800360766
66.54278857792033
59.28905991407916
71.33197834866658
54.43280602456347
63.43099074910546
68.84225386489169
73.77330825596142
70.04231619564271
74.7626668439401
64.16383651972629
59.43632781325826
61.72941103948094
51.91607605097155
60.65925415611051
59.12027861133402
71.73959048255176
73.26963338648413
67.2053245758824
64.09849931927157
64.50836610577102
65.99556807627803
56.81549385131152
65.49379410782889
59.83159546663802
60.00318872143143
63.3821579354679
73.2250045964021
78.00485172782143
73.08737044337994
69.65580869278334
59.14852643699176
58.45000289577604
61.5984020654076
61.28882071178897
69.18176225799627
67.63146387180127
51.49081465667952
57.96346718422399
68.29382372965597
66.08302110989113
68.18904349939898
65.40955177606195
67.8498445611612
72.3683308352922
72.92562171375732
75.3344117458567
74.53352946586133
70.39056803045153
61.317574503171066
66.90956663059642
63.98895480477166
70.38338825343254
64.5686909569117
69.94183242366267
70.58148466173571
69.57793491672568
71.14189362201036
64.39992448764654
69.8945837651838
63.84037849027686
68.78617183388758
76.2051360595588
77.50835295664501
72.67847162368089
71.74158426551057
75.15927626367707
75.5871173368876
76.75238324271274
71.65000273956178
72.52318022320425
68.48657657732073
77.62883628664974
79.99040447145565
74.34582213176239
68.92053982248169
70.70515398078396
78.71078653677478
82.52235584398916
72.13550117019786
74.839991855042
71.05704478227933
73.47457825231352
77.52633252303016
68.92467916663509
76.14733004147992
70.52137996122734
66.58052528821995
80.53246495907706
65.53102550285115
68.70450108689118
66.79116642841862
71.48449459066818
76.31064271335474
73.40158332901751
71.09886603174706
61.19852124882457
72.3346261889116
81.81190970358413
61.66368198280778
69.3123507747216
66.70017741920572
73.15275956636556
83.86775110994719
74.10917273625564
73.80736255945268
69.82690880110735
70.4976776514861
81.60524593921042
65.37708763356956
73.53152995017527
74.41738238515812
73.4630374896407
79.09610177767263
73.8469946414759
73.86013807822137
72.96523095554394
64.15192486665518
80.08352899654244
77.83392378518712
82.21673566596338
75.36546806978697
76.0989796022581
82.5053473594063
75.51303174345394
72.65156304441817
57.58919611067493
72.82551062833083
77.25413947281814
74.83222093973491
64.80065557660356
70.26910306383373
78.4330067813073
87.05592408189572
80.2546941399919
74.86461056372113
77.3345766002348
81.05121070703763
78.81993600947327
70.56903450799776
75.7664189002225
75.12365671572462
73.88288733240412
80.26831098977124
78.49429294699505
80.54396252183429
75.38362521226607
74.32780333663376
73.95582153897365
70.79702523591604
78.05324349008922
60.46137795875866
72.47930532635179
81.10835807009482
78.13418035829784
79.68733579004828
75.68175425708475
74.20352641805579
79.63616541000249
77.71644965078542
80.77670822499289
76.71643817710026
68.06451176183057
77.99864870731747
79.87574839045969
72.85840459869596
75.88074668632613
77.41728982746936
72.04288941253611
70.28290168162363
64.51675493195549
75.34434959930331
72.96131993311063
84.07145656748511
78.96175169295815
78.72013632615813
66.71602796110605
69.5419312130653
75.38054535330242
70.70477767251616
76.09962258044777
74.36469234789784
72.70159451011735
77.09893317413434
72.03965727581419
69.13365765327774
74.27150089276978
78.08610229113785
70.77390011204866
69.3924338638316
75.52054292148226
75.14658449490946
74.60234170858752
76.30032927491219
59.07869401529336
65.75422194096541
75.93082554465711
75.19992734992947
80.87279391987602
68.37906954390397
79.66595143180363
69.45198211887367
60.481272078228656
74.63429670018057
70.0601965715382
69.5303704606973
79.31936590203944
72.16833844247338
75.2571433321546
73.96370199546729
69.30363390935918
77.74761790084543
78.09089549988106
76.14442561192998
79.7400060423993
79.29506280813585
73.73409655309322
70.63952308331334
75.2230373166867
69.16092118382261
79.54829746577215
63.394087542882794
77.80660388023475
80.15109704478104
80.71082341199201
81.42395442809253
79.77976455805995
78.57271248595003
76.04787015309529
77.5022971489258
78.741259691562
69.88266778625854
77.10746248873352
73.52382175286479
75.33058776938417
80.40552048980695
71.92620011948246
79.59945000253087
80.20314419284102
81.88133910996235
83.07470718354344
77.45042325841916
73.46744018366985
74.35960463633091
73.84458832672374
80.86099546702222
66.1503309880177
76.3985744909738
80.45518099172618
80.07348881525381
75.85613263938475
74.07823144140933
82.99361935685299
77.8946797041356
79.7566385130455
79.65369394096636
68.40627803429523
74.97625468809264
80.16191418294017
80.2031848121289
77.79122592215101
77.21324724150995
79.89173530530118
83.12152687093545
80.01583552873866
77.41748614881932
82.60125433334821
82.67571763118977
73.12994245335074
78.31179547148776
83.9877109771099
79.08705935760105
76.74234442434243
77.35617292983007
74.89123895324792
83.05523802927725
82.49348279064016
80.81769558895576
85.24800747550428
80.41512858533588
86.22862210190591
76.16256839502242
79.81305741420465
83.86208101447752
84.38664961585116
80.6557957226828
81.4328510414717
82.00671142253253
83.76633515831897
84.60652802315468
92.39776728072826
90.85879468620838
88.01021736020454
88.9500382687458
81.70003844368928
90.37375854373599
87.66502847321867
90.48939266539931
82.8550006232617
87.82783407874662
70.00644194781455
92.61922045580866
85.34568319951389
97.47546604763151
97.29438321914705
103.83326644325263
91.04937927746717
96.58140918562707
102.09652098519797
91.31259072226014
88.27821532029827
97.68717183208796
110.13565358325921
103.47476038459213
109.67738187650212
98.0727899752602
85.13484328678132
86.18353240063351
95.46586259848893
87.55978225102326
92.52476207199703
90.3872228782331
84.42230417504919
94.36957581352277
95.55531861440271
92.30136823542645
102.51884324988532
108.94947731397764
121.12725847527976
108.35348796855777
93.41892529516427
101.44761495188496
94.66577772759769
91.15759428312272
92.51524941446812
94.26624000873417
76.57274629222142
91.82445883456703
91.45843529515014
93.18684734991399
98.07837879548305
85.64134311573709
89.18389368195994
79.79133324473207
81.25425167414193
95.86314528626245
84.85654406951758
86.23223211504602
92.68186658696237
90.63300486163178
92.96684171623906
94.34082922758077
90.79450855565683
80.70566519129002
87.85377858876565
99.62254001514054
98.56201083773402
85.82608133047488
91.81427030551467
85.80254996546444
87.06629587735807
76.96858628891087
88.3559361554504
94.55201971868993
81.42782343771196
95.14644969500382
93.70013740420498
94.52652698591947
95.89953067735206
93.95456322714126
90.14702451062172
95.4743280421701
91.29166701344339
81.41395270992192
76.75429518981873
96.22191965439666
101.79016523862592
92.43331015623801
95.03644896019183
91.73277230930553
99.1119930438636
94.63921999223174
95.6192367588248
92.18034584099159
88.67759372691617
83.69584525688182
102.59646196676327
92.14336089260408
93.40089492872008
88.02851664081871
96.5201743184767
100.41111043622102
85.47327380408544
96.2593331793287
90.60743795484936
105.201767624085
104.48450105955558
92.16177764198824
88.46300157629821
94.32127326234186
105.3109384497099
105.3577833739484
95.84258525493416
77.629136613994
101.65790224906493
106.92145482601833
102.50092715746972
99.91022616950244
101.5709464528733
101.32491816419312
92.05884108522325
93.39232606270664
85.3992739640183
97.20467810748646
98.92507656106966
88.13112299852153
105.43146295947341
93.751669833297
91.06580896831181
89.3936005522754
104.93885057203805
99.80803669351522
97.80812998585439
99.12063904527108
98.69681866529339
96.08078459794106
104.76509193170521
85.76483014196221
103.38865366386375
96.87327955600308
104.02142999092418
103.75260387076808
101.16857849333888
90.36127548309199
88.7141509196681
101.81150814063535
96.42158252160186
93.3420589936321
101.16586568968157
99.63434411978128
100.78197043801015
102.13754477077171
98.0220040968863
99.57654939109928
81.11805030191246
104.50887920854557
107.77646910248167
101.24665851671372
83.06061247151325
93.59664500890003
101.02214348873403
105.67527598176616
95.36013558850625
91.58678605218107
92.08777381030124
87.71679636177953
89.3898051291477
95.70597172546258
102.97823920861184
87.0240484942395
98.25268051437169
99.02493447271632
95.09324858136878
100.42256157479882
98.30186459164554
102.95289350399301
100.56449819783978
96.40788776251756
104.05247419464692
88.60395266082745
99.80972113970834
102.488705819072
102.89454156049514
100.22341269119516
98.03570931298053
107.2093756813494
98.13345394066172
103.386411317582
89.77990013080435
103.00752095869116
105.81136641695443
101.07914115227416
97.50890371223343
99.67949514988261
101.53240749309208
102.74028747621516
96.91236085017245
97.30078257627116
89.30168750728511
96.17560466397627
95.40889793580203
78.16713665543654
74.86500698620577
99.70972178319242
89.65786930879585
100.18870891075446
98.70766694633437
92.91824910278145
79.65637380645617
99.27191853467008
93.624042005803
100.81825702426981
83.70366828048464
96.27153370198451
98.35329588831408
89.11682790308375
100.00264436307033
85.61594883624184
92.51958958067185
89.04208900785412
103.76071384250992
101.10578887690639
84.33526598851674
97.03148221194672
93.0562572324884
103.11568691547386
96.57232797751506
92.0309418168292
90.03985233757683
89.44288414968015
89.46732626827766
94.59715936263439
90.71030099438646
96.8503276115778
91.92958233246057
96.54924557979217
92.37460517344866
90.60619504936096
88.32138187183135
91.75402784016424
95.72514810985966
100.75082533000001
94.94704955008841
93.76775036980413
85.56143409803818
94.27862252953133
93.28778139054577
87.44997388928849
87.10080126164668
76.7879775164178
95.70565386045858
97.81717454813167
87.00272764072737
90.43482141785327
90.39846215516869
97.79647106085768
76.78025856158398
82.70186242541988
91.02069793853227
79.31460223501537
97.58644490779544
94.75189326968726
86.36147641777225
94.60780640058955
95.53352570074482
82.53244228298936
98.26865328423537
84.22657936517793
97.65171145170909
93.99531597362181
99.22214609513719
87.66681926354109
89.73998781184656
90.96042509913373
93.17789392745986
93.14449204726216
93.14298526051653
94.58727823920535
98.42710148368926
91.23557294754471
89.94920442984387
90.09401078741595
86.17283315806914
88.6135736317868
85.98416298825084
86.01206662456923
99.24286264498646
89.97037710425303
83.33136073733382
99.31887001122882
103.89224389547392
97.26292309094131
98.03501753071897
91.78522058870094
94.30192160169406
97.95895372709052
86.09320471523402
86.28946180110361
97.87555419250323
88.17709686447617
94.76840253393038
98.29095075359422
88.88318451757272
96.7761801933134
92.95506026988171
99.84080030740787
94.03758983116718
74.62493741329695
77.55017933003211
90.59830443741461
98.10026412177292
92.4246005071373
84.97279743151017
91.6585738903338
75.4153713422315
86.5927003237272
82.8733364510392
87.68741352357154
88.19968470409897
84.29182824083222
99.08844110156426
88.39332232744367
81.09082479758128
80.69801560621161
78.80433985308086
83.29477312811413
88.14274592888557
87.74651613285073
83.32903338738137
80.94329887479421
84.1411664531087
88.3547674073403
87.32630675203113
81.96863720590711
81.97193022191209
85.89602727653477
81.25542480350572
77.72988271923498
78.80160580739306
77.74675754942955
76.52424388785958
76.30451440955065
80.38199699539908
75.34800859083504
82.91896265739739
78.75060169592683
77.85680932722282
74.05834048995172
79.1493705427721
71.33009507033432
79.33834087873859
82.95626072072281
82.44973093185817
77.02067865611134
79.72325277733316
78.37593341242088
76.580785508174
85.12058238204978
79.11132797883307
77.96183707730842
81.0086535865981
86.07685217962214
72.71993027479364
72.84107540342858
82.70489969552129
80.12582557742748
82.91426373992712
78.41647266281144
81.86072742089385
80.24555731180685
79.8559487603407
81.90049159122088
80.41731156521121
77.51514329617781
73.9892951977102
82.20489583684628
77.33112907587082
80.2630009527133
85.57546125485436
71.20482390360979
82.48538876327939
82.10283246163416
82.95737498757757
77.1218144393893
81.80010008729569
80.14190890292278
69.59643887860506
72.7003431860199
85.2605329193608
89.51651229994198
82.22406447875005
92.58131556461323
84.24976873148032
88.17806314079075
99.80599342393772
84.24413728221538
91.86798176669441
72.47231023614111
92.31185451446402
82.42824683642597
104.881742541638
88.38658354061542
99.00178885392285
94.8829026798841
96.74937551748414
95.43162423877953
111.61395497826909
86.46651265279573
92.0821190257085
94.33518415512026
95.03155495426358
93.19440951445361
86.16178694866525
94.48259685047071
94.9894347110378
91.0548353277484
82.23278354290876
81.28823629289221
