72.02381065230666
73.61523003212436
80.46155772863779
79.68976748525881
87.56151911562723
86.707984110963
94.69482886989815
90.07609202647119
95.32911990286141
97.93912301850392
84.66583034883128
91.80448625928135
111.95702881084529
94.94045713142202
84.55445421121631
93.65677433527055
90.371189903285
93.12055052332653
95.72531447369384
90.34393471329471
87.33686906005542
95.46840866228504
81.33126155409974
87.4019944837328
97.95858129551883
90.37278966907218
81.03836970667936
87.0572411391677
81.32458301651701
86.26823898291227
83.61810197647898
75.08149343805404
84.31362236458666
79.38099149759321
80.15048827125084
74.67160621891905
75.17403248159832
68.84423775412033
74.88207665679032
78.24437379174509
68.96513244488303
66.6098211948663
67.25137005985319
65.76714692073806
66.25945084885306
83.13657468967634
72.77145770197615
75.74950268160181
71.82143275590695
73.85297354313423
79.62884898101011
69.56291439301253
78.6225412086311
81.13143949185924
80.21979933509881
69.83641017659947
72.71995945587494
74.13082734478726
73.7812870383411
72.80383882313456
70.77494399449054
69.37711272643209
78.47731964756969
71.65011628264031
75.33875090855571
70.34359922369481
59.95104251871075
70.93507425734741
74.30552221932552
74.34731847679517
68.82981180987068
75.40981534993003
84.05425343942991
75.90233982392
85.47097132842383
81.72492226992452
82.99117485943827
78.60774741592459
80.60663363201246
73.20710859601407
76.5049088000302
79.81064416897566
65.15024294882602
78.99320373911885
81.08368855715561
81.53731592676941
86.64487563914001
86.66188290351671
87.48950487631083
85.94714938168757
87.45195076749694
89.66017850863047
88.52514605450112
86.82223739948836
85.56046698482322
83.11089758677713
79.53719549813621
87.61939427468548
98.32065643851774
82.15359114582267
86.14224906667268
87.12493351850911
82.21536950560562
83.00824407147567
77.81997925864485
87.30650618337486
91.36903526906218
95.2188935210238
96.83467855295433
89.76142410889169
87.81614298158559
84.80457671322284
91.64428742073889
101.56687873864138
95.75983789808888
98.45689759578265
90.94553492769576
97.87307848238841
95.46242607285173
90.00821222021749
97.20479859957548
90.3337609727
79.97850742356948
94.24343984981965
92.33975501858987
88.80004761114648
96.46969740187707
95.27170902108317
102.19832145225993
97.05310191896585
74.61396639147861
86.29266403994505
97.9293632105502
90.64929511250577
84.38514910130675
91.87466851201393
81.74721492638282
88.74821409928506
98.37667252551742
89.93421398200725
99.72353284966887
95.44172509340444
94.99505621277686
96.20422193954556
93.63106206452369
89.22131608061362
89.13215393391071
87.94313367383559
97.17740176017911
93.92022382985206
94.05345209421817
84.85419521704061
99.18717942185857
94.47140431963842
93.04670609305207
98.23437669590251
90.63526321816211
95.79418554024413
98.55999872985524
87.59847188915072
91.83685720567588
87.81241926326393
92.19624116008289
98.34237119300744
87.01229823013755
93.11635216937476
93.51686725706296
96.22813082902357
95.80779571353317
82.35668451357476
93.83190133984384
85.7436135050692
93.46707384146653
94.02074678956721
84.90489161489899
93.31012891085821
95.88338043892924
101.5755633239172
95.53600601998087
94.19021822277578
92.15553216261456
80.71089623413933
77.37759821932697
86.29346180228589
89.7548161761715
92.77005848230125
95.0344915462033
93.32635300714074
88.55608505820052
88.03311868795747
94.35531441139487
77.51405641183608
92.28515834834576
100.15567113005218
86.75013516915278
91.55706593942874
84.44301345796094
93.85561161252903
98.85910333863944
93.38233675010301
87.6761321126169
92.24465920336257
97.01334549753726
81.16000377744415
96.34087285427512
97.4084795119793
90.46044280588916
94.81445083566985
89.42161056284246
98.89254897388186
94.66756585307022
92.84584061306866
97.78046326969957
104.30229856309062
80.87524690182546
98.21248775793285
88.12523343667026
92.97149627780014
92.904482722656
97.1947424389688
89.62520283699553
99.25579003802098
82.09471908230518
104.72082582276477
100.53860095830382
99.14488694345287
86.42580808537501
94.10590996838194
101.40962998514277
98.44221818923234
93.43231212616537
105.3054813252549
96.44198610849607
106.14520786291776
98.91589504722695
102.25446350871722
104.12059534884874
103.37550026529917
99.5085108545051
97.84210131046873
101.03494726150953
85.73863931957447
85.06862870585073
101.36581612730174
95.03671559785579
97.75103905995752
96.90107679957036
101.63285081984908
93.08686477878484
86.02818618463694
98.600642217281
92.25072177185667
98.94174067209819
91.6499477011363
93.14316888660403
83.34960882567147
92.15053102918358
102.85982216414058
104.35333796864862
81.66404426335264
96.86534650063297
94.48632454618073
102.25006427190064
98.80948304488771
72.9251778999446
98.70381122236455
98.82430465197356
104.4383290505829
98.42206816817884
101.29036439822231
100.17457260781404
80.71902106934785
98.5211743878037
101.05708770514073
95.34087660344036
93.72678837887247
97.51817604034493
103.23835089060142
100.82326039257202
98.18736884288727
98.77578640109179
97.17371434249229
103.59318040032505
96.32655735142279
86.68380372807788
96.10131274992382
102.66361894634022
75.90899284776137
103.00607608139217
98.80475128262539
99.34553008967698
98.35364367196908
106.97132661682899
99.78440949589469
100.7537230589322
90.94618309001251
95.3718188831877
97.18946995315525
100.10007649033234
96.61255023306937
102.9308307982272
104.45198361406412
104.73395524440696
102.0746634200441
98.28621331506214
93.1378578913021
105.49341303177529
108.11348041294428
100.85402638956153
97.49221022374898
98.9982669060795
102.29674750253629
107.89366415214901
110.44336394565093
107.32443318996012
109.71978186062887
109.85092985048645
106.36044587025593
129.92222859354766
119.40343620979328
108.0542829678919
110.35186136535754
109.566167931551
89.4951564245442
90.02974760664372
99.75600533624203
87.48669302654537
94.6156375239471
99.01462519975938
99.93524255244017
106.31168657387148
112.44110678737707
107.49508698667027
111.40806501086143
100.78054524943241
102.9675567316718
105.43554936726716
102.83448170172255
89.9416882294119
100.26891432131535
98.92099773516881
92.13634510432782
89.32475350436812
88.4551274071406
85.09716328955628
78.93148540693032
88.9108074367364
82.3917663108499
92.4954358594595
92.38886797785726
84.09413947925357
93.99541309638363
97.15913946258765
96.3580846201303
85.79795699196809
92.19034505400896
78.76477070366641
92.3780405437677
95.27570590485753
84.62833390879638
94.17403301336157
91.98330289956262
87.54267937181098
92.51633054089189
82.6434775526887
88.01581953913984
89.62112781395643
87.79268811203949
90.12144353992703
91.89857831223571
94.08262850582192
93.39217068273044
89.03392915827195
90.53845993319928
77.55996663245185
84.11635655551007
88.07184762243611
84.38181042508654
88.45231614741479
83.8085329379254
80.24411078828079
64.19037740513045
87.60513853521046
89.70465089873201
90.89780015564205
95.64542635166691
84.36417462327162
91.36191249502397
92.72182552277145
89.40522599463917
92.94629623837274
82.62941100390798
81.01803743700252
84.19532475244426
89.37461713286199
100.00314016196732
94.80430354775451
96.17987637643532
88.52826856306532
80.46936964599617
82.2252872147611
85.40103935299713
94.67049266212007
94.99607889991013
84.77548347258711
76.02170135608033
83.39454411797107
87.78276774363478
86.6886636569697
86.22494607296429
77.270321764108
78.98032795785115
79.65844471855954
48.19537411445304
80.47189168247998
77.94708527052339
70.64663464784873
83.60600345087587
82.85769636958159
74.42321265210086
72.55424620609405
71.92440216194002
61.99345273874006
76.36874527832666
80.5084084257613
77.91159008507822
79.0383090150508
86.57544354931231
75.35097472392069
83.76456868103595
84.22478373722193
81.7699838162308
80.37026129039714
82.07176181112786
74.09392354494474
66.95902417206278
74.88125634526438
81.63083059164535
72.86144219347493
72.47129477870854
75.08347552028108
72.8763845510788
79.76560392055207
76.72603550792276
65.86758959236776
78.09342067738953
69.74694952648247
76.49544862854046
81.50439497805931
81.31224395007182
79.98585850616865
74.73590241496242
78.67500902992845
73.97617873620491
80.17013212590453
62.12776409172488
70.79253541639743
76.48870828379542
71.14446813327727
77.5708989033128
70.03208623253968
73.56335111791095
76.0153873974703
69.04247695234481
78.87514753054275
77.83874085067924
71.29076054313143
76.78033892250676
71.074560268091
73.26008868920181
72.96629703021708
73.3685682665853
71.6009083746876
66.67064484043553
74.54420665078095
71.0831908924325
68.6404717739448
55.605133285357
71.58366884491849
65.99664221961915
76.17910992602535
71.53459738956586
74.64355917817353
72.81929430477314
75.1672549408142
71.1749713648493
68.42112109302371
73.75335506939805
74.98529783117823
76.41421060573504
79.72941459842619
79.53004251273826
77.58387579308312
77.0923348650541
72.50138078873593
63.950144244415554
71.06632782628688
75.86709363062441
72.90499070175252
65.89153501622044
69.95818952843548
69.98277922931939
79.63208953247496
75.78058322211943
72.2277208106554
75.99520069639073
76.77853875242181
77.67706579050684
74.87512423522341
77.09643926617127
72.23578239228269
74.37053443844933
74.6464101454826
75.5463954267814
78.3781939695845
58.577296754533776
64.2837090778626
76.91701426622755
76.09794634600932
74.49090468971956
75.7369605805886
72.58434645255245
73.05348987599308
73.9071366807539
78.03493245124655
68.53248617995636
74.50740090617424
75.77715764655034
71.525500512082
76.34387122275325
74.64428497641771
72.07978556639657
74.52154931316171
72.69890449372069
77.01585299345486
86.46409060190479
77.86460969392381
71.70167417500254
76.02384532115961
79.07964894579682
80.88471008365504
60.54697021615123
68.19430949405566
76.07331426736586
61.9709878656336
76.7360524293767
60.07252160544812
70.80334418006684
71.94722556699061
64.3558287010449
70.74219433816755
68.0641492517706
55.440664260659894
75.30107361330369
66.83455534228472
81.53858083475258
71.23092707026657
71.13515783196829
65.79242315420798
72.21915514075668
82.44827526357197
71.88414569538513
71.74754860038435
61.4247690039233
78.42866026155986
76.24980414139674
74.84472574787735
82.89480166720948
77.85405383482126
74.15419441519253
71.72445297570795
81.90071063519726
77.98035482729352
79.33467849012386
83.56172728803102
87.16121629465161
83.6410471870582
77.12459045956041
64.6994834522437
75.55761288829876
83.86287604669265
73.29799067866315
74.77836356789949
73.40680961886139
74.37899111161511
83.35905633251795
67.51462006348524
77.45667037474064
77.0942724657181
68.16142804687584
76.71493969138362
75.05784459248653
73.24414411775413
67.38816569385958
67.17394672870883
80.62939282942104
72.84565418003943
66.37923720133587
73.17962261915062
64.01622254939451
82.52785256475684
80.89089686290207
75.36404408201884
74.66020389099054
77.69971996116766
82.80187360648995
80.12849963491766
71.38802358524123
71.96753141214859
62.732171012523764
83.68162618510894
75.01891886613595
75.30082083889025
75.04436083266205
80.47776673790142
82.25192607451072
81.68778718602374
79.23623144757835
75.71569218178468
82.07414172064189
85.20910161400779
84.93577266666043
83.23332949124227
80.49903373036926
74.15952914492675
72.88603741457092
62.03163761933149
58.78044414255004
58.0982315061312
74.98457020266295
83.28045956537564
79.58616114987234
83.62661747660002
81.36447512390473
77.65917034267477
91.56717719933243
100.28349713162633
90.82454901310837
88.04994336492429
88.91356124667082
79.79530054561407
84.0945490426881
80.45992876065193
79.56345939604813
65.80179382316891
87.04758634996138
83.48610048611876
87.91356653715891
84.84897925855054
90.83863309068317
106.45401863810483
99.56117276460054
88.12356814962644
91.44460679353665
77.59842874427405
72.75102533664739
77.45462395564324
75.00759721214244
79.20983463993562
80.57732207082596
81.21548095764554
79.88859617743965
77.01918085184741
86.48216313897055
100.05073543916694
85.42179946762312
76.98215784245976
69.8340940502472
70.84901760701291
71.0248749799938
69.65245662494407
70.89156202176996
71.60356994012068
52.13364457082367
66.21716459952567
69.34955393521597
70.92732633612927
67.17509262177609
75.79057913414988
67.73459451042203
78.01842465242673
75.9510452291117
71.48823966955814
72.05157335228114
69.39569992239824
72.57636018108748
69.53865896381197
69.51707616477208
73.6617562166329
72.69775761436337
69.7122743998169
67.23148386582162
64.22832956709985
67.15803293249989
71.50223094701082
70.62195679630682
68.72095922486952
72.19796869325432
74.64921876173841
70.13266669757567
68.6705661840683
67.76013753920134
67.13423210592852
69.00987332732771
65.33565142278862
74.14894211916251
73.47407284184924
75.66650496537551
72.13871703143006
70.24433949877333
76.28500629810121
72.86368877179711
72.22799147360888
71.52476929607629
71.45876402190939
76.92698337951077
72.54328807366684
71.88848135822897
72.25282723141285
70.152938710472
67.59553306047938
68.46620938697085
69.22490082708356
72.34010547235061
68.08843479514393
71.49360727642492
72.67011287516875
70.15482746647973
67.65628310471237
66.8204596994043
69.37645059850715
70.45234458490371
69.41993509064908
67.95382177976826
60.517501029953856
72.28667574749471
69.41464415095459
64.01031247198064
72.31790308335975
68.01436904066287
78.34157371209093
73.50565239039267
69.59476562501115
74.29366529883045
74.59640813584382
73.48118087100225
73.32369685114779
75.79290497564205
71.37316193211915
71.22881384869925
72.25785487660349
72.3700655694472
70.54911459123042
75.27904913364374
72.3022477089255
72.12735853001651
70.07106582812695
73.1074049639893
70.15978483758109
73.35960782094843
71.80312245855734
74.74810095474783
72.26049514881959
65.91124204830571
63.85698090950211
72.3921759042755
71.37142165979691
64.79218375870927
67.22056953025275
71.84514562569899
72.5731775574448
68.20675780960558
70.34711887759471
70.8165393514334
69.13560511673366
65.38934764167774
67.20865434858727
76.29374644994734
69.93202668188125
62.828318973836105
69.76758438713165
71.00819107806585
65.77587530486561
68.80511731941162
70.46103607303917
65.63325695172885
66.25857576905088
68.51240959415792
70.7372849898034
70.3118702829415
66.8523199148121
70.12345130183203
69.28901850961024
74.67969990237265
72.39986164906617
64.93799308825717
69.62686659689669
69.09048743117164
69.5578331805134
67.47475648460107
67.37897044038513
66.50802483475391
59.491940685102236
73.73064702349576
65.94276401770853
69.63621128208045
66.316991332454
66.36222248741763
64.07464908252763
68.60836272021336
65.60250470978686
71.17265491142749
67.60809227564958
66.04417029560163
67.45972518469033
67.41823304547216
68.53661959795627
68.30266771432741
70.45524068430042
67.26927915740737
68.29265878034597
65.77364374191487
71.87304032858015
72.84370734734094
72.66071806811132
71.2397097261189
73.79426069180398
73.649144175068
70.78839840905566
63.97763871577678
62.09511043856301
68.26533427231833
68.03681478446228
60.64296859553325
63.31518499681731
64.94227651882912
61.631600395177124
68.92998378761143
71.60338268956806
63.67710713699509
68.8997445911444
67.7216770072575
67.48712778910078
71.85697230501881
66.68377846206938
57.79372295638296
67.62626682507036
66.48083200704646
68.58385005522246
66.11230191433481
68.13084740161369
69.60057216060034
63.16019866796558
67.25418015471492
69.94527968849232
69.1277536438395
68.19195108022174
68.573074134629
66.06548616546134
60.049996375720056
57.50486205116786
66.63402025618853
69.48338145084492
67.64836708461809
67.11223325359322
68.69709662419558
66.00510289752532
73.58967436972827
71.44524412814002
68.24436669709334
68.1053438344107
66.63136970304443
68.85911131921293
65.79412579227882
67.47649117235258
68.95035864301023
66.05912973896429
64.24518043192204
65.61257998865243
68.58348578318773
67.82264975443567
63.81119702054661
63.882549097220014
69.8185481071379
62.584101018518766
65.77799607732094
68.35770526276175
70.3703224781901
68.09628690367846
70.74331484368992
67.97475934091919
70.7819224389397
67.70384341495536
64.6991303372056
67.48368156894261
55.99667371930031
65.7714792038411
67.69571296055405
70.37605578605096
66.67418309475372
69.2136993516239
68.58650452884285
70.80741815277749
64.71383925742458
65.80729322457536
62.865499706486354
69.36645939139912
68.2214613701783
67.98950563441144
58.63878389588811
70.96052159262945
68.56068719018714
66.69946981757838
60.711620843922944
65.52777948080758
62.7566089346447
65.56440290346991
66.91537205570026
68.89035066814584
67.11413025906377
65.84392855090641
59.77713804315761
59.00757790728243
64.60688990082863
67.83585353091092
62.18465901941002
71.24418202548908
68.25823291094491
66.82720509370988
66.98345383534927
66.90200441975472
68.26113490704648
69.21781829563008
70.37550085042939
66.8995972323444
71.41590594407657
69.63135794215485
67.39739755897396
65.30688176915974
52.221478943495335
76.07472451470991
67.3878243387826
63.67781448049146
73.28202702283424
69.890462485764
67.82470095897901
63.29664045142682
70.87099619971423
69.48454665888211
52.72476439476605
69.51081809857112
67.44581264809753
70.01893844327978
70.06302870095752
76.94252223665104
68.51152275396741
69.83035603686719
65.22908699704834
69.1045780363525
62.33379992122207
70.08752431720319
61.40710047510221
70.67814891592053
68.60465825014252
66.77283697792684
61.44976305867219
67.83120706206475
78.4356996355016
95.00709231685357
80.80379848493976
75.70476760287336
75.89310158661446
75.2950729549487
73.0841309233332
72.2204098545358
69.75645328134925
69.56273196098476
74.24506994979338
72.5026569819603
72.38437946138762
57.541681426469964
70.73071689796839
92.10852328863417
75.98399689088849
67.39927167983849
55.61696121158582
63.31525584965915
66.33705713879668
66.13912843632154
69.98331437210048
64.9807252206657
67.13320411541046
66.99841875738076
64.49123994404707
67.22321777381894
67.75887545981256
67.0741772379821
69.082634898636
69.33619553313042
67.55190007727859
66.57218610017848
67.76293080172609
65.99290159912374
67.01521754535167
66.72928888276581
67.45722367195278
68.62807996754893
63.12557776962205
68.67479264027024
66.79772043901296
67.44425531403738
68.61288570068716
67.39914699552406
66.11756849200026
66.12559797574285
69.4088982361028
68.70924684642837
68.46690708647614
66.29253128712082
64.26999211001312
67.71972489829739
67.02629285494328
65.5776206054894
66.40505397599635
63.496082770184266
64.52628764325118
66.66175673909595
67.32406107027425
68.61077673793957
66.26011205167286
67.38494090631248
67.32617305748934
68.1382304704539
68.24486771119807
66.19677266775578
64.20275583295856
66.34929345434686
68.14903000097735
67.63481747004317
68.1503060750172
67.50424279365866
68.21266343957686
69.96964386856371
65.24896486304544
65.9509163674342
63.69422667259535
65.00853854955301
68.42074278503466
69.00393543000388
66.20652903899455
66.30712012925116
66.55024833796739
66.78220441284023
67.78982198141131
64.83121665688954
66.00892455092459
68.38886474205863
67.1592364211921
64.30979386035712
66.74925177144874
62.20397669254547
65.24426057223681
65.6481237720057
67.92781808585512
67.93415233130192
68.91327871730353
68.28713073681595
67.1282454631316
68.60288557128341
66.21954852814758
67.913406278613
65.17580369285102
64.59695037296689
67.17631507577337
66.7016111143591
65.43945061859647
65.30306305305538
62.01611570516708
64.01541219119862
68.68150706419264
67.86564527930135
67.00397357619862
64.25736357283517
68.3147577851841
64.30153619192853
62.82760698932398
65.17618225320479
72.68119632235587
68.1680324038552
66.78169919846636
70.93636242062242
71.09301427880447
69.24842033587596
64.11991296921356
66.83159764995185
67.5167401331793
63.187129326029485
65.96523806879897
60.14389438110494
66.09190022964404
64.64600913645742
64.70590606830145
62.05974508302013
68.41119286825277
70.3409386042331
72.30275798298581
71.13759174654605
70.24432098777245
67.81221981417114
65.37360388170836
67.99155775569459
68.23351390733384
62.357276674204805
65.72567214665409
63.77310756142546
68.49812271757045
66.42898696372495
68.59799083990472
69.06210750351956
70.53133185621034
64.13317721118577
62.43987684037346
68.20743633214892
69.15310287062125
66.4391907784584
68.6758041233655
69.40077411906607
65.03367702686248
64.06209037463493
66.84773784496342
64.82142193444638
69.51294939789086
67.6893771752219
69.929817751637
67.75885534136951
67.10585524404723
68.11099339358908
61.788853037822484
68.73017939474158
64.74657692832074
62.14577824303178
60.355893663923574
65.65187344167946
62.824419735496406
65.83809149098624
66.57810185326007
65.40002307741739
65.95379729808121
63.540658777244076
64.98586316465091
67.73345822769991
65.72859599424523
65.61210009949535
70.15463821874243
66.15487248357896
64.222830704276
66.4909613582092
65.82092009094241
62.174904644444354
66.03353117817868
65.2289098747539
68.65407138626395
66.12636147087963
66.84505747600655
66.34523685034266
68.87818538033144
66.96266186559197
63.54115336684334
62.08016405341843
67.45318106859864
67.59739275563145
68.10217013546597
67.00540458237262
65.68026733983967
63.668652575319065
65.43803686803476
66.00288999980897
66.78411295327561
67.32108862365342
65.0408448521226
65.73326995065285
66.94822307903596
65.05867064824801
65.00125083565561
60.07287387947435
64.79390786155926
66.10482325648698
64.10167246712544
65.11058304223066
65.27168260247146
64.00925711444964
67.02628121498432
64.62424978901316
65.67061670701656
66.12899728258974
66.33085535408846
64.55428268829553
64.38881122493399
62.57870214773769
66.84029887606629
65.06818801647714
64.14097184629756
65.78968660226587
64.12794051047817
66.24649972091915
66.69272092614847
65.70166226570815
64.91942807850553
67.87237955921891
63.81746078739519
66.7047094666455
64.45064048681057
65.83952095577294
65.87704427066934
64.8820363789761
65.59571444213519
66.55390472002199
62.63645977777787
66.32268499179011
69.15398678418681
64.64454939552078
64.83577628889124
66.61089343567679
66.01655610450726
67.44612139425423
66.40026338914159
65.52312816582852
65.85146488914266
63.63435149048267
63.473011603372896
63.611974467608896
65.35441689780495
66.3510791532872
66.77094400430408
65.52689139777405
66.93153932849442
64.03426693620273
63.293683734275405
65.49895186918422
63.44650630705303
62.12336713130051
64.67662858060541
65.92206466992042
63.19199525654589
64.03009328424841
64.2519571862336
64.59795534839218
64.36008762915012
66.75934952767021
66.94412848783293
66.6508326969053
64.32346359524554
64.19577817961327
63.00330351389965
64.79050491035969
66.02286957348105
62.56389402531629
61.222707785738336
66.30657686526068
62.05838571194033
64.98003551181563
64.23332662632626
64.68303412018474
65.21372092427282
65.37006148410075
65.72312233591278
65.41007887616088
62.15137038772144
65.34209571710014
64.92917092271674
64.44465876873244
64.02792912681147
65.22161385418893
68.2121308464287
63.454809387734116
66.67155989201382
65.2892134204179
63.36056100563268
68.27236476046266
67.76573466867288
64.33501331855207
64.57344376260818
68.08542879044754
64.23287530414184
64.84889245263734
67.71846020443758
54.271848985078215
65.02114973856727
64.65401729613144
65.39558193916425
65.60980811254659
61.38272722296762
63.219787689546145
63.826688297840725
64.95850079713964
65.81978395567874
65.06993964731798
62.16421025249143
64.38095500951317
67.78652210718487
66.5130970450674
65.77254948807412
67.0279534254935
65.53695194573437
66.61146953595963
66.08451126400651
62.690077363536346
63.84077228702782
65.2906901077007
66.31585557141763
62.07390467487721
61.92775254395883
60.75080431766529
64.30409077657474
66.2568923633758
65.1403720823288
64.84221221871637
64.0130836551703
59.71880378180377
62.24449853502965
67.35364054687902
62.97893362020665
64.82608707495231
64.33395883188923
65.76449508343161
64.7103505675999
63.88371566413616
65.49512488669714
63.99932528983616
63.49474946958579
65.8316690897709
64.66967933071946
63.14572630987384
64.56142950082652
63.94583185674334
61.25979288161712
65.07265930579955
64.45879334636659
66.20578306197994
64.67881071396512
64.1316797232354
59.238870738690565
65.12582105449994
63.24929649201447
59.4229537001437
64.30945299103385
64.4455240436412
61.71913946686282
67.10024606865689
64.73947153848462
65.59123368269587
64.70887788669697
65.57208128701704
65.44182041642684
64.8953465552473
63.55516585466895
65.66673427636348
65.66493792393993
65.52340903247647
62.48459558096148
65.09875914345466
66.41159717320346
63.27204523165277
65.08425448348127
63.792155851472344
65.10643083488719
65.51322135075962
64.74643859434337
63.085572709621516
65.81692752136846
61.84111301120027
63.01954710580013
63.500144257182676
64.85404927089641
62.79123963804657
64.73363217155668
61.37603620580747
62.60313186800963
65.12092861618041
64.44688803772428
61.86432200459532
62.64090407458329
63.45478750379514
63.276083761951305
65.32120644830881
65.5132710016042
64.24567945518749
64.76825195504061
64.39841566138836
65.40525953755076
64.78373481392295
63.091980732181916
66.15450227624245
63.84222517269835
65.17540077193233
62.20483048346146
64.5039108296263
63.54002500622512
64.91241121362384
62.562826455269985
64.63072919754659
65.3861322505249
62.93837889926276
65.14363602240668
65.22968685348343
63.7591800311117
63.61952851326761
64.9097326623644
64.41378667384059
65.66642453194488
65.17531388348291
65.09675600328491
64.22488536277575
64.6233148455581
66.0431757028121
65.4020094484922
62.46770861549656
65.55168172937441
65.2328064802809
63.10214537571067
63.3329167550076
64.46416319998478
63.47993166284428
63.29053665777213
60.630928986936034
66.42789580475116
65.45290484004389
64.27631199015853
65.04521447315474
60.62537937927317
63.73332549398137
62.82939703008414
65.9676901159356
65.42218969416406
64.46893016597852
63.906226257680814
65.1480284746505
64.67254076636634
65.03000176406897
62.41346336493416
59.887244513740534
64.05027619762974
65.6349462080006
64.08337937196971
64.73034250438664
63.799149865137004
64.28463083232056
64.53725069045626
64.11021788010217
62.780100442075124
65.11246264594769
65.82913955490724
63.19759476471744
63.416174003765434
63.98868086499377
64.55324159495424
61.36929125676935
64.21020603850138
66.63670174932034
64.09208575593446
61.21535736442122
64.94335314131939
65.33858676514527
65.19887386729869
63.60973790885055
65.16499593030042
62.979564762926444
64.36343980483107
63.25497655621827
62.18358020574867
63.7616351488986
63.480359561072746
63.25291204730181
59.26185956472955
62.199217729656965
62.9332562695445
63.72913893968643
63.55530919672822
64.0565356884181
64.4873139961174
63.822746113539075
63.64208509663874
64.5443445367953
62.599108698567825
61.09966932219657
63.056526361680234
63.20829294312206
65.42441494083664
63.393363776285135
65.34458964234383
63.71650744479694
64.09711686799396
63.14580214071838
63.04085237662803
64.52839956420652
62.58061490182463
60.4883563547951
63.22635478878294
64.3184871687792
61.76888975450652
62.90447760272193
65.57166425056667
63.42718367721547
62.746568703653026
64.71341400430023
61.76926856179516
63.04940403801966
63.94987469475075
60.87339594025391
65.43351803312392
66.01707737155537
64.48788427809147
65.94654635003008
60.403493858098045
60.610632518810476
66.18187249426012
65.22142543428163
64.00401457471904
63.45145328569818
64.35313362574111
63.89026907186995
63.69940442760635
64.97208850447025
65.85209137584611
64.15725350822258
63.877671294135574
63.6834061669579
64.16222716744868
64.40116632971475
62.65955197596411
63.66587262005907
65.2838043591527
62.77235311324398
63.122865678589164
63.9645270384737
62.372913821892496
65.1813157227524
66.08217505155343
66.86289197886276
62.67633809763828
65.03259042232115
63.61486303419273
64.84151325072632
63.86066102646893
63.155897555954155
62.41697062980931
64.25711800482047
64.73193695770682
66.06400078497651
63.10004268100478
65.09224656734571
65.53006843074066
66.1580521621409
65.68434697406738
65.72456539765716
63.900826261522795
62.86391920026114
61.848755682644814
65.73018679816953
61.61144450932404
64.82996236355581
64.14739673009466
66.24632562749863
63.28580454807109
59.98247407236826
62.412623162550375
64.3415258832005
66.42439526020291
58.448786459330925
62.082023716910555
61.30749189442329
64.72712949378933
64.64754068553
62.23368916486844
67.56702125616175
61.37752896345866
64.79158632945614
62.5005199491303
62.12246694773775
64.37464512394678
63.53053560859821
58.088043220371304
65.68977788915622
62.61342413660817
64.60988000525377
61.4930965071785
64.70705130859264
63.19292859469931
65.49513948731888
62.81384869985078
42.67347027409423
61.12642573181846
64.91442958086562
65.90810728428148
63.97037553431569
66.70803960345982
65.24859017360166
64.09189544298341
63.07048817300715
66.3591704867009
62.69615434960773
66.01665008020309
63.58529504606095
63.886620947280086
71.61872437399067
59.72277108804822
51.19928965885621
61.55829075979139
62.796957625114196
67.60261557422935
67.28851789562397
64.94208560643096
65.16692134960952
65.7596777108066
62.663799890952625
61.26711314887376
65.6736931828882
68.33771269199644
75.33349277852695
66.13538405441548
60.73440270483672
60.58951891165929
62.72284542366117
63.228187490799435
63.070087382651096
64.17139196673665
62.68137032081326
67.54090750146666
64.97635531499691
65.80603451451583
57.858227808171506
64.38672617290247
64.54610679479649
66.1169178701563
58.912779244301404
62.614207878090404
62.21494977731279
61.586133425100755
67.00050961802316
58.82653469325749
62.48759725812988
64.20778268377255
63.43054032094415
65.35174663908946
58.97741397326263
64.57707830341919
68.0470140154783
62.109764683036346
63.89626379887291
66.30147112859315
63.735072213024615
61.68000148762648
64.57620976375671
60.496766659054714
63.047418650157674
66.41520293822536
63.56755387728096
63.77674980205783
62.29468104105398
64.35346534845611
64.36218363437129
63.33555053483054
65.2387008339848
64.74085561071162
65.17812879272924
62.896395963657426
67.93664096647254
64.51165531973014
66.14640228891173
62.37798091189671
60.688727127507995
65.26138525949696
61.96187329567135
61.68119856089149
65.04377631601628
66.05403858502743
64.19743067540269
62.27058926527532
61.600901025627365
58.08953872221744
66.20487743601912
66.51029327887196
66.56059899849105
66.72326703928765
63.95960083142767
60.772660124175665
65.97845260721037
67.53681880420947
61.82828014239894
64.75140451603035
62.48451259768149
65.37086983429518
66.41876139997423
66.03443783554103
64.97759217228095
65.44617589055123
63.41984282881871
66.43890215324924
64.20892808908951
58.7577946546936
63.678494747771204
67.04557790754798
65.86937695929007
64.08398537332722
63.69213548112426
62.809031853171206
65.80111069943572
61.19610509486772
63.092222976862985
69.01981755312457
63.15408313415649
61.17014407927381
64.70036092085859
61.88525970906795
64.0824602204852
59.900623730104286
63.834358916224616
60.73039374046947
62.59369615573749
65.04163011758027
56.15448791513853
61.329452932333524
65.4886925942077
64.85600910628447
62.51588819569544
63.92023124359187
58.39990999611462
64.6106808905333
61.11782576552871
61.078149149138454
62.272899515329684
64.60788076888838
63.05935953158194
59.563090584655505
61.33654177199002
64.31560823243154
63.53445092594936
63.713309512108864
63.00844156599769
60.53140469609863
63.27797637017983
62.809698170738095
55.44098969117097
67.40987652797428
59.79469383980976
64.03222617852623
63.806295444252655
62.463325029861636
59.61593511173798
62.092087353765194
64.90462128462104
61.97852409543973
60.269695543959344
61.84200732142942
63.41222949074773
60.42360179546024
61.15604536563295
62.85278284682437
61.427385399550765
61.225341692368076
58.347189639408654
62.623992603579126
62.691055219826666
60.3422022388728
60.373349252130346
55.78634831247135
57.976102978151516
65.62245778956553
59.39307770443328
65.68249878040466
65.81104661744399
65.61110494728521
60.568053649084845
62.87868550179095
63.143237213890146
64.92601125869744
63.089831547990315
66.5084849659511
64.41583031325861
62.78940732581577
67.06991832272337
62.58882678506807
60.194949185520386
65.81458603187568
64.76503963104432
61.196341765169045
67.37517048522909
64.05471435104386
60.592219192471724
63.673802201443515
67.27177894491422
64.6495265099957
65.14407121171377
53.927635941886855
59.60624718238173
66.6665513984866
61.04870371819598
60.411470570519974
62.06127743220935
64.00339856023604
63.65268525610937
60.94088966802001
66.06771315695757
64.29079086641524
62.649792130746704
60.46499761086578
61.25134485604333
62.12729930675516
61.33350358984355
63.554328341091846
63.12474895556307
64.4717871960109
60.767842159324
66.4667310125794
62.449068427656805
63.871501750805024
62.42696557111336
63.32826405339758
60.941630793287544
62.13036130865547
63.901727663780974
63.6511647185828
63.938345923645414
62.32459260925786
63.98592100643412
61.5149653001712
61.61313040046343
60.7678217117481
65.12913947854474
64.73052833284169
64.38332868342142
62.667079383764495
64.93346332173915
60.082752795681756
63.981796668779445
61.1299755304739
59.80375442867701
63.46003840293949
63.74447168202913
65.77124132792352
65.36864293485624
58.021985692667
61.47401798278837
59.29632545326902
63.31267903023581
59.831498106049175
63.69589058673939
63.69139217406862
58.987034301753106
66.750562910029
55.07745943885982
65.37893420193998
64.97652069746222
60.9964980190079
62.67940893175716
64.16326811993795
64.0860722469865
62.25737763007758
60.58957513191979
62.704321121130526
65.82147714954104
64.82751569690738
61.36803964782867
58.90760430935909
60.64104322598975
63.568598535647844
64.1529115482685
63.00585929001364
64.7736839771577
65.88417285397311
65.13307980032619
63.21370634679106
64.89647493011879
59.082845904660566
62.35982449795729
64.82301478130702
54.63080582491106
60.39999635749946
62.99060312739533
58.7332078976825
67.19650829046826
61.38189578995426
65.51007802117296
59.01050617354221
65.12094892258091
59.25795966315433
62.34561201142075
61.43889578394613
61.356880436841806
64.32694345881991
61.908495651466346
61.76353653345197
63.88283539794038
66.38323833928013
60.00668142641119
63.181351909859444
55.381780665145016
63.32865073915472
60.400700149400535
65.78134497473768
55.74088804038138
64.62207653169611
56.251198207734646
64.71969777459589
60.50883749216423
64.58782193519629
65.44912834350103
65.44404018367791
63.071550692608895
64.20782978329885
63.47817594604919
63.27501886247967
63.40855273396475
61.27393432369827
62.37480041609943
59.894769817463725
58.47892929739605
62.79640422940339
66.15925226630287
64.05642897100593
64.7313813016805
66.3994427368936
54.739476143197614
59.683183144521436
62.85949156718327
63.712725259522436
64.94875695471036
61.95443106330067
64.22662288267865
60.746770932918956
62.37147626347194
62.65866894001337
63.06424072329466
59.94733119922942
61.47645833848625
61.49975091152158
65.41133811376687
63.10301380149829
61.51733600017191
60.0443618856667
56.48906393026447
62.701767205637935
66.0053708764928
58.807756770959344
62.893865308024616
62.29731936210249
62.8001483699728
63.69511499552779
59.34748744628191
61.4087942788769
58.98081762425935
62.803986788183764
63.905937024026194
64.18783782266833
64.00883996374031
64.1456003385226
67.20880329209264
65.22121486056504
61.89890776113873
63.10253229385601
56.82412313377982
61.429501523835356
63.06451202466376
55.18648774110696
62.865211072562914
65.41576391097205
64.39297092392621
65.08757821645224
62.43968160987293
57.14392411239669
65.83469217018002
61.014430782615754
59.7065026973156
62.025152502968254
63.38508604734958
66.96821961504614
62.669769384190005
58.24127504267967
62.529480419180665
62.892742043342984
66.38896834275056
61.016499898082984
64.28321181257382
66.10679111791535
64.81301001068111
62.36914006096586
63.699101898099116
61.53973847444728
66.01229837924662
64.32196705170186
58.17620444883515
60.64669837474584
63.6597039042796
62.70002629976623
63.665711857369374
59.312917764702206
60.345078205094886
54.79068809131525
62.45719177247839
64.30257718839341
61.77695211799124
62.33882712499545
62.85109898505166
59.201223711691725
61.48377114190347
56.103017187707884
60.98522424885674
51.28760754163315
63.295031328626656
62.576021212866266
64.11925806431253
59.81391342752629
61.63147292827947
63.264492507199094
56.41494529231729
62.72008869506738
57.09148336753869
63.81875695765579
61.434066397599395
63.80098563958783
66.34014317584686
63.55316099015435
62.51571670123064
63.525643555090994
55.53444862730723
56.022941758490106
60.87783498377344
65.37688280149065
57.282108935558696
62.54036562930095
63.71267261124005
58.78799951597649
63.010298225426894
59.74197864984924
64.97527638973416
64.82471501424735
63.88622852518025
65.11197549223121
61.75044512154372
65.09266703505715
64.52450825152115
64.77090689392658
60.770683728808535
61.56402989517397
64.21253140591851
65.06641645789189
57.67964566166873
57.5291951191339
62.59235233912499
59.43450225293465
66.71847203102574
66.33868392188279
62.158290392785894
64.058869247328
60.703044114331284
52.006109902716986
59.77003278452009
65.2102414487685
63.232833474935106
65.45328240752585
59.95146362446646
58.42138496889484
62.53274205642523
64.67342155835661
62.61407394669024
62.09611720547826
63.29087697311095
63.251091999084565
58.727653514341974
64.24140079359793
61.605410930679476
63.46807457786444
63.74273725093367
61.085536797842565
65.13894037940139
59.28623423935061
58.22434123679605
62.13672924886964
61.83456565726506
63.48575492930266
62.704723724935214
61.526626423092495
59.63827466411449
61.38231589736868
65.93590882575718
59.79324815870292
55.34441816132024
64.62824327116923
65.32629325144826
65.46134362660683
65.38255321959736
66.7391476558699
61.599550815025346
58.48826807779492
65.59138788325203
65.55179292342446
58.30319435199666
61.75019011977318
63.3875419244615
61.991894008229025
61.52085269652346
59.55303664722243
66.17669054126254
65.80972544932712
58.971879452603496
61.007299808707685
61.81211785897145
63.68471729170782
61.1035354868936
63.351444610637664
62.817158663697974
63.11294340414395
56.49184660719002
60.83667172060082
63.21912070283957
63.93590504158398
65.7632297864514
63.52622220663149
63.961226804635835
63.68816818517534
58.87828380133882
62.61714005624644
63.59983919591585
62.6008699629664
60.58234224360203
61.61715349244335
58.71512506342135
61.66186498385735
65.6803002386855
59.511721040797326
63.55468829263955
56.66333703533176
63.40967921214126
61.26590635533576
56.56897084205798
64.26585930764318
61.69097092822455
55.883462710071484
62.722020100247576
64.05819848634776
62.142334762956075
62.483446493507216
63.46608976253292
61.57882808436929
62.97519011071384
62.98985022233528
63.915936597558165
57.91936483296051
61.568230196433824
59.40069034225972
62.69120178726091
63.83596652270471
64.5115447912511
58.35110509336602
63.04159327757861
62.460011307532504
63.42649823441312
60.53229568903194
61.85535183952418
57.948447462051114
63.70606922256612
58.35551727289043
64.76970058215466
59.123244252260385
63.24496830817182
60.05954011488165
61.2204800888494
62.835924447279154
60.38203899846019
64.21918209981293
62.34168320969659
62.291244809058675
61.10206326594235
62.01548893342239
64.5644390460306
64.38717887979452
65.58394204771255
61.318156035676175
64.16776055224376
63.494914620404984
60.30314532985088
65.98614848928996
63.9923193960982
64.45556925222522
60.584012584063075
61.86300584725481
66.25262248833202
64.75783225108745
58.65013141305738
61.17035364449157
61.62139364543066
63.55279950077457
62.328873232888625
56.41838423839688
63.75149412735756
65.69248002869047
62.212721119843295
63.08278167503558
64.67310204962484
61.393460406772896
61.057600989763905
62.70112135457958
65.30054536275236
63.22657443791742
60.40497704590191
59.86787098703903
60.829325395600776
63.977056349739186
58.109560665417305
62.394386802895134
62.568208849739705
60.91899182560016
64.6229068489792
58.997363129833296
62.73663404762398
64.0502484157081
63.51509252296129
57.61006899483941
61.20247133223052
60.332414172246146
61.095232089509366
64.830121481731
60.168650740195034
62.6912961233953
62.95404068314006
61.19036499277862
57.75412949384324
62.049873019042494
58.19789789689115
61.64836965697293
62.97960624724184
64.71690290954282
61.88925485172053
61.764878646749864
64.6296884081745
57.525965295001235
62.693656949581495
57.52370769896294
59.0634107990236
59.67931605692301
60.3578266676807
62.588009679797345
63.033707026590086
63.79812799111993
63.06620805373747
63.96705532519489
61.17350729961736
61.81444388321354
63.16132968544554
62.25229932945599
60.67070587928689
63.539612429170695
61.71473012882366
61.40412006379785
60.540936764264714
61.87955303004677
63.81008904062895
65.28601301155659
63.90444073485764
62.830580670314376
61.396237916388884
65.2323394835141
63.152784418325865
57.892051069046815
60.92882936428318
62.382366199020645
60.480710790474525
60.67848809026224
54.23646152255479
65.02878600834333
61.318753432529356
62.957339199573624
65.3787664881183
60.14684024286935
61.499714371340445
64.47029576966523
64.35458039320717
63.18488971623387
64.26186734525325
63.71603607382249
61.39697598963093
61.98186123382761
59.639689309628835
61.39658176873959
62.789969887404126
62.8406263377905
64.82075544663064
61.60637361559598
61.792534937663525
60.66495536558648
60.48560109201179
59.76956094936956
63.4365215979204
62.063014587522424
65.43793007197247
64.24552593174924
64.1221694623034
63.20580932897329
61.05268197843098
60.70424488135686
61.13439624352462
62.91673132449978
61.697121569857416
61.19279917571146
59.31580741036227
62.6180735047301
60.4426357885776
63.112920256795356
63.33909065751155
61.736288790710965
55.20863180663439
62.06015490397867
62.627516837823805
60.5335491357667
61.72272173631224
63.530898190588765
59.264027408220834
61.8252327178919
60.94491929312535
62.1461724997811
61.61520280500203
60.39914531288283
62.66525575127852
62.48869996647311
64.81484845267788
63.02493102614427
62.00412386227403
62.52053025177673
62.19828107398907
59.99217756885475
63.37389682528624
61.90203133414224
62.32760634601044
62.335517715503705
62.74704591046706
62.54786225974102
62.52386626219821
61.54054480649374
61.07167083439177
63.40734384626628
62.891432794215866
61.51922738035707
63.35213535566151
62.064285019199026
61.97407144333859
62.46739088407378
60.31330381624839
62.00784279935781
62.182461719261624
64.11022968316766
62.711770131337055
54.28609302253239
60.45434653922965
61.946529404871285
62.75437097946332
65.40544747777975
61.39791945938194
62.66171002645226
63.17891214758218
62.84063683309749
60.81280381497145
59.712613399515874
63.562076628977316
61.47502239913726
59.98169300916794
63.23932512990764
59.5015787620497
63.74429575307758
64.84108386944803
62.55054794519837
61.071939567143126
61.40318781686137
62.44087879403688
61.70787063102762
63.20230384253908
62.389881009943224
63.17586736943955
62.30731526417267
62.63754489152874
62.208821832563494
62.954751918288714
62.88476754406223
62.69781418282308
62.38865648066521
62.43555252983853
62.455223743513784
62.59390561351678
61.733845050553775
62.07694371471699
62.66352893147761
63.383843103841755
63.73821058739283
62.379919901884634
63.593886095390666
60.52959583231551
62.11456033957681
63.53575991364046
56.97165310481683
62.21917702751852
61.00932363343718
60.538832559180605
61.00932363343724
62.2191770275185
56.971653104816724
63.53575991364039
62.11456033957678
60.52959583231545
63.59388609539066
62.37991990188462
63.73821058739288
63.3838431038418
62.66352893147761
62.07694371471703
61.73384505055391
62.5939056135168
62.45522374351384
62.435552529838525
62.388656480665254
62.69781418282295
62.8847675440623
62.95475191828872
62.208821832563466
62.6375448915287
62.30731526417267
63.175867369439615
62.38988100994307
63.20230384253914
61.70787063102765
62.44087879403696
61.40318781686139
61.07193956714341
62.55054794519805
64.84108386944803
63.744295753077616
59.50157876204973
63.23932512990759
59.981693009167934
61.47502239913727
63.56207662897731
59.712613399515874
60.81280381497144
62.840636833097506
63.17891214758211
62.66171002645226
61.397919459381896
65.40544747777967
62.75437097946337
61.94652940487132
60.45434653922966
54.28609302253246
62.711770131337055
64.11022968316762
62.18246171926162
62.00784279935778
60.31330381624848
62.46739088407378
61.974071443338595
62.06428501919906
63.352135355661474
61.51922738035705
62.89143279421584
63.4073438462663
61.07167083439177
61.540544806493756
62.52386626219824
62.547862259741024
62.74704591046696
62.33551771550368
62.32760634601043
61.902031334142286
63.37389682528621
59.992177568854714
62.198281073989115
62.52053025177669
62.004123862274085
63.024931026144266
64.81484845267786
62.48869996647311
62.66525575127855
60.399145312882766
61.61520280500202
62.146172499781144
60.94491929312529
61.82523271789192
59.264027408220905
63.53089819058877
61.72272173631227
60.53354913576679
62.627516837823826
62.0601549039787
55.2086318066346
61.73628879071097
63.339090657511576
63.11292025679539
60.442635788577554
62.61807350473015
59.31580741036225
61.1927991757114
61.69712156985736
62.91673132449981
61.13439624352459
60.704244881356885
61.05268197843098
63.205809328973295
64.1221694623034
64.24552593174928
65.43793007197247
62.063014587522446
63.436521597920276
59.76956094936962
60.48560109201177
60.664955365586415
61.792534937663525
61.60637361559603
64.82075544663059
62.84062633779045
62.7899698874041
61.39658176873952
59.63968930962881
61.981861233827544
61.39697598963092
63.71603607382251
64.26186734525324
63.18488971623385
64.35458039320717
64.47029576966526
61.49971437134041
60.146840242869345
65.37876648811829
62.95733919957355
61.318753432529434
65.0287860083433
54.23646152255479
60.67848809026224
60.48071079047455
62.38236619902065
60.92882936428312
57.892051069046815
63.15278441832582
65.23233948351412
61.39623791638887
62.83058067031447
63.904440734857616
65.28601301155662
63.81008904062897
61.87955303004672
60.5409367642647
61.40412006379793
61.71473012882366
63.53961242917079
60.67070587928703
62.25229932945585
63.161329685445544
61.81444388321361
61.17350729961736
63.96705532519488
63.06620805373748
63.79812799111993
63.03370702659012
62.588009679797274
60.357826667680506
59.67931605692253
59.063410799024496
57.52370769896274
62.69365694958127
57.52596529500077
64.62968840817452
61.764878646749715
61.88925485172068
64.71690290954275
62.979606247241904
61.648369656973074
58.19789789689109
62.04987301904251
57.754129493843436
61.19036499277855
62.9540406831401
62.69129612339532
60.16865074019486
64.83012148173091
61.09523208950945
60.332414172246075
61.2024713322305
57.61006899483937
63.51509252296133
64.05024841570808
62.73663404762402
58.99736312983323
64.62290684897924
60.91899182560023
62.56820884973976
62.3943868028952
58.109560665417376
63.97705634973918
60.82932539560086
59.86787098703896
60.404977045901845
63.22657443791748
65.3005453627523
62.70112135457951
61.0576009897638
61.39346040677289
64.67310204962487
63.08278167503555
62.21272111984325
65.69248002869045
63.75149412735755
56.4183842383968
62.3288732328885
63.552799500774555
61.621393645430516
61.17035364449158
58.65013141305735
64.75783225108746
66.25262248833204
61.863005847254804
60.584012584063004
64.45556925222529
63.99231939609809
65.98614848928997
60.30314532985082
63.49491462040498
64.16776055224389
61.31815603567625
65.58394204771253
64.38717887979459
64.5644390460306
62.01548893342239
61.1020632659423
62.291244809058675
62.341683209696576
64.21918209981295
60.38203899846023
62.83592444727912
61.22048008884933
60.059540114881685
63.24496830817179
59.123244252260506
64.76970058215467
58.35551727289043
63.70606922256609
57.948447462051156
61.855351839524246
60.53229568903197
63.42649823441316
62.46001130753254
63.04159327757863
58.35110509336607
64.5115447912511
63.835966522704666
62.69120178726094
59.4006903422597
61.56823019643383
57.919364832960525
63.915936597558186
62.989850222335335
62.97519011071388
61.57882808436915
63.46608976253292
62.483446493507245
62.142334762956075
64.05819848634778
62.72202010024753
55.88346271007158
61.69097092822455
64.26585930764315
56.56897084205808
61.26590635533576
63.40967921214123
56.66333703533163
63.554688292639156
59.51172104079742
65.68030023868553
61.66186498385734
58.71512506342135
61.61715349244325
60.582342243602
62.60086996296639
63.59983919591586
62.61714005624644
58.87828380133874
63.688168185175364
63.9612268046356
63.52622220663147
65.7632297864514
63.93590504158403
63.219120702839575
60.83667172060088
56.491846607190006
63.11294340414398
62.81715866369797
63.35144461063769
61.10353548689366
63.68471729170783
61.81211785897141
61.00729980870773
58.97187945260353
65.80972544932712
66.17669054126252
59.553036647222406
61.520852696523534
61.991894008228996
63.38754192446147
61.75019011977315
58.303194351996694
65.55179292342443
65.59138788325197
58.48826807779494
61.599550815025346
66.73914765586989
65.3825532195973
65.4613436266068
65.32629325144828
64.62824327116924
55.34441816132023
59.79324815870295
65.9359088257572
61.38231589736872
59.63827466411483
61.526626423092246
62.70472372493523
63.48575492930267
61.834565657265046
62.136729248869585
58.22434123679601
59.28623423935052
65.13894037940139
61.085536797842586
63.742737250933686
63.46807457786451
61.605410930679476
64.24140079359793
58.72765351434203
63.25109199908457
63.29087697311092
62.09611720547821
62.614073946690326
64.67342155835665
62.53274205642529
58.421384968894934
59.95146362446657
65.45328240752598
63.23283347493512
65.21024144876851
59.77003278452008
52.006109902717384
60.703044114331334
64.058869247328
62.15829039278592
66.33868392188282
66.71847203102574
59.43450225293476
62.59235233912504
57.52919511913345
57.67964566167123
65.06641645789186
64.2125314059185
61.56402989517397
60.77068372880862
64.77090689392656
64.52450825152115
65.09266703505715
61.75044512154365
65.11197549223115
63.88622852518026
64.82471501424723
64.97527638973386
59.74197864984931
63.010298225426936
58.78799951597639
63.712672611240045
62.5403656293009
57.28210893555851
65.37688280149064
60.87783498377342
56.02294175848997
55.53444862730721
63.52564355509099
62.51571670123067
63.55316099015432
66.34014317584683
63.800985639587815
61.43406639759942
63.818756957655786
57.09148336753876
62.720088695067375
56.41494529231734
63.264492507199144
61.631472928279564
59.81391342752623
64.11925806431245
62.57602121286632
63.295031328626656
51.287607541633065
60.98522424885668
56.10301718770792
61.4837711419034
59.20122371169171
62.851098985051664
62.33882712499549
61.77695211799125
64.3025771883934
62.4571917724785
54.790688091315374
60.345078205095035
59.312917764702235
63.66571185736934
62.70002629976623
63.65970390427951
60.646698374745995
58.17620444883516
64.32196705170189
66.01229837924664
61.53973847444719
63.699101898097524
62.36914006096593
64.81301001068118
66.10679111791536
64.28321181257381
61.01649989808302
66.38896834275054
62.89274204334298
62.529480419180665
58.241275042679675
62.669769384189934
66.96821961504617
63.3850860473495
62.02515250296818
59.70650269731567
61.014430782615825
65.83469217018005
57.143924112396675
62.43968160987294
65.08757821645223
64.3929709239262
65.41576391097203
62.86521107256285
55.18648774110689
63.06451202466367
61.42950152383531
56.82412313377978
63.10253229385601
61.89890776113873
65.22121486056503
67.20880329209264
64.14560033852258
64.00883996374031
64.1878378226684
63.905937024026144
62.8039867881838
58.980817624259075
61.40879427887697
59.347487446281974
63.69511499552778
62.800148369972774
62.29731936210253
62.89386530802461
58.80775677095933
66.0053708764928
62.70176720563793
56.48906393026452
60.04436188566668
61.51733600017191
63.1030138014983
65.41133811376685
61.499750911521616
61.47645833848624
59.94733119922938
63.06424072329443
62.65866894001338
62.37147626347191
60.74677093291899
64.22662288267864
61.954431063300646
64.94875695471022
63.712725259522486
62.85949156718328
59.68318314452151
54.73947614319773
66.39944273689358
64.7313813016805
64.05642897100591
66.15925226630287
62.79640422940343
58.47892929739612
59.89476981746375
62.374800416099454
61.27393432369822
63.408552733964754
63.275018862479655
63.478175946049184
64.20782978329882
63.07155069260897
65.4440401836779
65.44912834350106
64.58782193519627
60.508837492164204
64.71969777459589
56.25119820773463
64.62207653169605
55.74088804038139
65.78134497473772
60.40070014940058
63.328650739154774
55.38178066514505
63.18135190985946
60.00668142641118
66.38323833928011
63.8828353979404
61.76353653345203
61.908495651466325
64.32694345881987
61.356880436841756
61.438895783946144
62.34561201142074
59.2579596631544
65.12094892258091
59.01050617354223
65.51007802117299
61.381895789954214
67.19650829046824
58.733207897682476
62.9906031273954
60.399996357499425
54.63080582491103
64.82301478130705
62.35982449795729
59.08284590466052
64.89647493011876
63.21370634679105
65.1330798003262
65.88417285397314
64.77368397715769
63.00585929001353
64.15291154826859
63.568598535647865
60.64104322598971
58.90760430935907
61.36803964782864
64.82751569690738
65.82147714954105
62.704321121130526
60.58957513191967
62.257377630077485
64.08607224698655
64.16326811993807
62.67940893175747
60.99649801900792
64.9765206974622
65.37893420193998
55.07745943885975
66.75056291002895
58.98703430175309
63.69139217406868
63.69589058673948
59.831498106049196
63.31267903023588
59.296325453268715
61.47401798278853
58.021985692667
65.36864293485624
65.77124132792353
63.74447168202914
63.46003840293947
59.80375442867701
61.1299755304739
63.981796668779396
60.082752795681714
64.93346332173913
62.66707938376443
64.38332868342123
64.73052833284169
65.1291394785448
60.767821711748
61.61313040046344
61.51496530017116
63.98592100643417
62.32459260925787
63.93834592364534
63.65116471858282
63.90172766378096
62.13036130865544
60.941630793287516
63.328264053397554
62.42696557111334
63.871501750805
62.44906842765678
66.46673101257937
60.76784215932398
64.47178719601092
63.124748955563035
63.554328341091804
61.333503589843524
62.12729930675523
61.25134485604338
60.464997610865964
62.64979213074671
64.29079086641522
66.06771315695768
60.940889668019935
63.65268525610936
64.00339856023608
62.06127743220945
60.41147057051997
61.04870371819604
66.66655139848656
59.606247182382496
53.927635941886805
65.14407121171384
64.64952650999572
67.27177894491419
63.67380220144351
60.5922191924717
64.05471435104383
67.3751704852291
61.196341765169095
64.76503963104432
65.8145860318757
60.194949185520485
62.58882678506814
67.06991832272327
62.789407325815674
64.4158303132586
66.50848496595108
63.089831547990336
64.92601125869741
63.14323721389016
62.87868550179098
60.56805364908482
65.61110494728518
65.81104661744396
65.6824987804046
59.39307770443335
65.62245778956549
57.976102978151445
55.786348312471326
60.37334925213038
60.34220223887271
62.691055219826566
62.623992603579154
58.34718963940867
61.22534169236815
61.42738539955047
62.8527828468244
61.15604536563299
60.423601795460335
63.41222949074766
61.84200732142939
60.269695543959386
61.97852409543974
64.90462128462102
62.09208735376522
59.615935111738
62.463325029861636
63.80629544425254
64.03222617852614
59.7946938398097
67.40987652797425
55.4409896911709
62.809698170738116
63.2779763701799
60.53140469609861
63.008441565997764
63.71330951210885
63.53445092594936
64.31560823243159
61.33654177199005
59.563090584655455
63.05935953158197
64.60788076888838
62.27289951532974
61.0781491491384
61.11782576552872
64.61068089053335
58.39990999611462
63.9202312435919
62.51588819569545
64.85600910628449
65.48869259420776
61.32945293233347
56.1544879151385
65.04163011758027
62.593696155737504
60.73039374046949
63.83435891622459
59.90062373010432
64.08246022048522
61.88525970906803
64.7003609208586
61.170144079273776
63.15408313415655
69.0198175531246
63.09222297686303
61.196105094867846
65.80111069943575
62.80903185317119
63.692135481124275
64.08398537332718
65.8693769592901
67.04557790754797
63.678494747771175
58.757794654693576
64.20892808908964
66.43890215324915
63.419842828818666
65.44617589055127
64.97759217228098
66.03443783554103
66.41876139997423
65.37086983429518
62.48451259768152
64.75140451603026
61.82828014239896
67.53681880420943
65.97845260721041
60.772660124175594
63.959600831427736
66.72326703928762
66.560598998491
66.51029327887196
66.20487743601905
58.08953872221739
61.60090102562734
62.27058926527519
64.19743067540273
66.05403858502739
65.04377631601614
61.681198560891474
61.961873295671346
65.26138525949696
60.68872712750795
62.377980911896664
66.1464022889117
64.51165531973011
67.93664096647254
62.89639596365732
65.17812879272915
64.74085561071169
65.2387008339842
63.33555053483054
64.36218363437138
64.35346534845615
62.29468104105414
63.77674980205772
63.56755387728096
66.41520293822536
63.047418650157695
60.49676665905458
64.57620976375674
61.680001487626335
63.73507221302434
66.30147112859318
63.89626379887298
62.10976468303639
68.04701401547833
64.57707830341923
58.97741397326268
65.35174663908938
63.43054032094416
64.20778268377254
62.48759725812984
58.82653469325746
67.00050961802313
61.586133425100826
62.21494977731269
62.61420787809033
58.912779244301355
66.11691787015633
64.54610679479649
64.38672617290239
57.85822780817143
65.80603451451586
64.97635531499691
67.54090750146672
62.6813703208133
64.17139196673662
63.07008738265112
63.228187490799506
62.7228454236612
60.58951891165918
60.734402704836725
66.13538405441554
75.33349277852693
68.33771269199647
65.67369318288821
61.26711314887365
62.663799890952674
65.75967771080657
65.16692134960951
64.94208560643104
67.28851789562411
67.60261557422939
62.79695762511432
61.55829075979153
51.199289658855626
59.722771088048376
71.61872437399063
63.88662094728001
63.585295046060786
66.01665008020336
62.69615434960778
66.35917048670093
63.07048817300718
64.09189544298341
65.24859017360167
66.70803960345982
63.97037553431571
65.90810728428148
64.91442958086562
61.126425731818486
42.673470274094086
62.813848699850766
65.49513948731892
63.192928594699104
64.70705130859271
61.49309650717858
64.60988000525373
62.61342413660812
65.68977788915623
58.0880432203713
63.530535608598214
64.37464512394682
62.12246694773774
62.50051994913025
64.79158632945617
61.37752896345872
67.56702125616174
62.23368916486847
64.64754068552999
64.72712949378932
61.30749189442324
62.08202371691055
58.44878645933094
66.42439526020296
64.34152588320063
62.412623162550375
59.982474072368326
63.285804548071134
66.24632562749865
64.14739673009464
64.82996236355581
61.611444509324045
65.73018679816953
61.84875568264481
62.86391920026115
63.900826261522894
65.72456539765719
65.68434697406741
66.1580521621409
65.53006843074063
65.0922465673457
63.100042681004766
66.06400078497654
64.73193695770686
64.25711800482047
62.416970629809285
63.155897555954155
63.8606610264689
64.84151325072636
63.6148630341927
65.03259042232114
62.67633809763825
66.86289197886273
66.08217505155343
65.18131572275239
62.372913821892475
63.964527038473705
63.1228656785892
62.772353113243966
65.2838043591527
63.66587262005909
62.65955197596412
64.40116632971475
64.16222716744868
63.68340616695788
63.87767129413558
64.1572535082226
65.85209137584613
64.97208850447025
63.69940442760635
63.890269071869945
64.3531336257411
63.45145328569841
64.00401457471905
65.22142543428166
66.18187249426002
60.61063251881045
60.40349385809796
65.94654635003008
64.48788427809147
66.01707737155542
65.43351803312396
60.87339594025391
63.949874694750804
63.049404038019354
61.769268561795165
64.71341400430022
62.746568703653054
63.42718367721548
65.57166425056664
62.90447760272194
61.768889754506525
64.31848716877919
63.22635478878296
60.48835635479512
62.58061490182459
64.52839956420652
63.04085237662803
63.14580214071839
64.097116867994
63.71650744479694
65.34458964234386
63.39336377628516
65.42441494083663
63.20829294312203
63.0565263616803
61.099669322196696
62.59910869856779
64.5443445367953
63.642085096638624
63.8227461135391
64.48731399611742
64.05653568841808
63.555309196728196
63.72913893968641
62.93325626954446
62.199217729656944
59.26185956472969
63.25291204730181
63.48035956107268
63.76163514889866
62.18358020574867
63.25497655621825
64.36343980483115
62.97956476292644
65.16499593030035
63.60973790885054
65.19887386729869
65.33858676514524
64.94335314131943
61.21535736442122
64.09208575593436
66.63670174932054
64.2102060385014
61.36929125676936
64.55324159495422
63.988680864993775
63.416174003765434
63.19759476471745
65.82913955490723
65.11246264594772
62.78010044207509
64.1102178801022
64.53725069045629
64.28463083232056
63.79914986513694
64.73034250438661
64.08337937196971
65.6349462080006
64.05027619762977
59.88724451374054
62.41346336493416
65.03000176406894
64.67254076636637
65.14802847465054
63.90622625768078
64.4689301659786
65.42218969416412
65.96769011593558
62.82939703008416
63.73332549398136
60.62537937927323
65.04521447315477
64.27631199015855
65.45290484004391
66.42789580475117
60.630928986936006
63.29053665777216
63.479931662844315
64.4641631999848
63.332916755007616
63.1021453757107
65.23280648028091
65.55168172937437
62.46770861549655
65.4020094484921
66.04317570281209
64.62331484555808
64.22488536277572
65.09675600328494
65.17531388348283
65.66642453194487
64.41378667384055
64.90973266236446
63.61952851326767
63.75918003111174
65.22968685348343
65.14363602240667
62.93837889926272
65.38613225052488
64.63072919754659
62.56282645526997
64.91241121362391
63.54002500622507
64.50391082962636
62.20483048346152
65.1754007719323
63.84222517269837
66.15450227624244
63.09198073218195
64.78373481392299
65.40525953755085
64.39841566138837
64.76825195504058
64.24567945518744
65.5132710016042
65.32120644830883
63.27608376195131
63.45478750379514
62.64090407458336
61.86432200459532
64.4468880377243
65.12092861618036
62.60313186800964
61.37603620580748
64.73363217155674
62.791239638046584
64.85404927089641
63.500144257182704
63.019547105800086
61.84111301120023
65.81692752136843
63.08557270962153
64.74643859434335
65.51322135075965
65.10643083488719
63.7921558514723
65.08425448348125
63.272045231652676
66.41159717320339
65.09875914345467
62.4845955809615
65.52340903247647
65.66493792393987
65.66673427636347
63.555165854668886
64.89534655524733
65.44182041642681
65.57208128701708
64.70887788669698
65.59123368269583
64.73947153848468
67.1002460686569
61.71913946686283
64.44552404364121
64.30945299103388
59.422953700143694
63.249296492014516
65.12582105449994
59.238870738690544
64.13167972323538
64.6788107139651
66.20578306197991
64.45879334636656
65.07265930579956
61.259792881617116
63.94583185674331
64.56142950082649
63.145726309873695
64.66967933071949
65.8316690897709
63.49474946958583
63.99932528983613
65.49512488669717
63.883715664136105
64.7103505675999
65.76449508343157
64.33395883188916
64.82608707495233
62.97893362020656
67.35364054687903
62.24449853502974
59.71880378180387
64.0130836551703
64.84221221871634
65.1403720823288
66.25689236337601
64.30409077657474
60.75080431766531
61.92775254395883
62.073904674877205
66.31585557141763
65.29069010770068
63.84077228702779
62.69007736353633
66.08451126400652
66.61146953595966
65.53695194573442
67.02795342549345
65.7725494880741
66.51309704506735
67.78652210718482
64.38095500951319
62.16421025249141
65.06993964731798
65.81978395567873
64.9585007971396
63.82668829784062
63.219787689546045
61.38272722296763
65.60980811254666
65.39558193916419
64.65401729613147
65.02114973856727
54.27184898507819
67.71846020443756
64.84889245263739
64.23287530414183
68.08542879044744
64.5734437626081
64.33501331855199
67.76573466867282
68.27236476046231
63.360561005632626
65.28921342041795
66.67155989201385
63.454809387734166
68.21213084642872
65.22161385418886
64.0279291268114
64.44465876873235
64.92917092271674
65.34209571710012
62.15137038772131
65.41007887616112
65.72312233591276
65.37006148410077
65.21372092427286
64.68303412018477
64.2333266263263
64.98003551181559
62.058385711940296
66.3065768652607
61.22270778573836
62.56389402531636
66.02286957348105
64.79050491035962
63.00330351389971
64.19577817961327
64.3234635952456
66.65083269690534
66.9441284878329
66.75934952767022
64.36008762915014
64.5979553483922
64.2519571862336
64.0300932842484
63.19199525654591
65.9220646699205
64.67662858060544
62.123367131300434
63.44650630705301
65.49895186918418
63.29368373427548
64.0342669362027
66.93153932849441
65.52689139777405
66.77094400430408
66.35107915328729
65.35441689780487
63.611974467608825
63.47301160337296
63.63435149048264
65.8514648891427
65.5231281658285
66.40026338914156
67.44612139425426
66.01655610450727
66.61089343567687
64.83577628889131
64.64454939552076
69.15398678418684
66.32268499179024
62.63645977777757
66.55390472002199
65.59571444213515
64.8820363789761
65.87704427066933
65.839520955773
64.45064048681053
66.7047094666455
63.817460787395234
67.87237955921891
64.91942807850555
65.70166226570831
66.69272092614838
66.24649972091916
64.12794051047813
65.78968660226587
64.14097184629757
65.06818801647712
66.84029887606626
62.57870214773774
64.38881122493405
64.55428268829552
66.33085535408843
66.12899728258978
65.6706167070167
64.62424978901316
67.02628121498437
64.00925711444961
65.27168260247147
65.11058304223064
64.10167246712547
66.10482325648698
64.79390786155923
60.07287387947434
65.0012508356556
65.05867064824785
66.94822307903594
65.73326995065288
65.04084485212259
67.32108862365347
66.78411295327561
66.00288999980894
65.43803686803479
63.66865257531903
65.68026733983959
67.0054045823726
68.10217013546598
67.5973927556314
67.45318106859868
62.08016405341841
63.54115336684331
66.96266186559197
68.87818538033147
66.34523685034267
66.84505747600652
66.12636147087957
68.65407138626394
65.2289098747539
66.03353117817868
62.17490464444437
65.82092009094242
66.49096135820922
64.22283070427603
66.15487248357896
70.15463821874243
65.61210009949536
65.72859599424525
67.73345822769991
64.98586316465088
63.540658777244076
65.95379729808123
65.40002307741727
66.57810185326005
65.83809149098624
62.82441973549646
65.65187344167947
60.35589366392355
62.145778243031835
64.7465769283207
68.73017939474158
61.788853037822555
68.11099339358906
67.10585524404729
67.75885534136943
69.929817751637
67.6893771752219
69.51294939789084
64.82142193444639
66.84773784496342
64.0620903746349
65.03367702686245
69.40077411906607
68.67580412336548
66.43919077845838
69.15310287062123
68.20743633214917
62.439876840373515
64.13317721118581
70.53133185621034
69.06210750351958
68.59799083990472
66.42898696372495
68.49812271757044
63.773107561425455
65.72567214665403
62.35727667420484
68.23351390733387
67.99155775569457
65.37360388170838
67.81221981417113
70.24432098777248
71.13759174654605
72.30275798298581
70.34093860423307
68.41119286825281
62.05974508302014
64.70590606830146
64.64600913645744
66.09190022964404
60.14389438110487
65.96523806879901
63.18712932602948
67.51674013317928
66.83159764995183
64.1199129692136
69.24842033587596
71.09301427880449
70.93636242062239
66.78169919846638
68.16803240385516
72.68119632235597
65.1761822532051
62.82760698932401
64.30153619192852
68.31475778518409
64.25736357283517
67.00397357619865
67.86564527930136
68.68150706419263
64.01541219119876
62.016115705166975
65.30306305305538
65.43945061859644
66.70161111435921
67.17631507577337
64.59695037296689
65.175803692851
67.91340627861302
66.21954852814758
68.60288557128341
67.1282454631316
68.28713073681593
68.91327871730353
67.93415233130192
67.92781808585511
65.64812377200573
65.24426057223678
62.20397669254545
66.74925177144877
64.30979386035708
67.15923642119206
68.38886474205863
66.0089245509246
64.83121665688954
67.78982198141132
66.78220441284027
66.55024833796743
66.30712012925113
66.20652903899456
69.00393543000388
68.42074278503468
65.00853854955302
63.69422667259532
65.95091636743422
65.24896486304543
69.96964386856368
68.21266343957687
67.50424279365869
68.1503060750172
67.6348174700431
68.14903000097729
66.34929345434692
64.20275583295856
66.19677266775577
68.24486771119807
68.13823047045389
67.32617305748933
67.38494090631248
66.26011205167296
68.61077673793952
67.32406107027421
66.66175673909551
64.52628764325095
63.49608277018427
66.40505397599632
65.57762060548944
67.02629285494328
67.71972489829739
64.26999211001313
66.29253128712081
68.46690708647614
68.70924684642836
69.40889823610283
66.12559797574286
66.11756849200026
67.39914699552402
68.61288570068719
67.44425531403738
66.79772043901298
68.67479264027024
63.12557776962209
68.62807996754891
67.45722367195279
66.72928888276581
67.01521754535167
65.99290159912373
67.76293080172609
66.57218610017851
67.5519000772786
69.3361955331304
69.08263489863602
67.0741772379821
67.75887545981254
67.22321777381894
64.49123994404702
66.99841875738076
67.1332041154105
64.98072522066559
69.98331437210047
66.13912843632156
66.33705713879668
63.31525584965918
55.61696121158594
67.39927167983848
75.98399689088849
92.10852328863417
70.73071689796842
57.54168142647
72.38437946138765
72.50265698196027
74.24506994979339
69.56273196098473
69.75645328134927
72.2204098545358
73.08413092333322
75.2950729549487
75.89310158661446
75.70476760287335
80.80379848493975
95.00709231685357
78.4356996355016
67.83120706206469
61.44976305867222
66.7728369779268
68.60465825014253
70.67814891592053
61.40710047510226
70.08752431720319
62.3337999212221
69.10457803635252
65.2290869970483
69.8303560368672
68.51152275396741
76.94252223665102
70.0630287009575
70.01893844327978
67.44581264809757
69.51081809857112
52.72476439476605
69.4845466588822
70.87099619971424
63.29664045142684
67.82470095897898
69.89046248576399
73.28202702283424
63.67781448049138
67.38782433878262
76.07472451470991
52.22147894349525
65.30688176915979
67.397397558974
69.63135794215486
71.41590594407657
66.8995972323444
70.37550085042938
69.2178182956301
68.26113490704647
66.9020044197549
66.98345383534925
66.82720509370986
68.25823291094488
71.24418202548911
62.18465901941002
67.83585353091094
64.60688990082865
59.00757790728246
59.77713804315769
65.84392855090643
67.11413025906378
68.8903506681459
66.91537205570026
65.56440290346995
62.75660893464468
65.52777948080754
60.71162084392297
66.69946981757839
68.56068719018715
70.96052159262943
58.638783895888274
67.98950563441147
68.22146137017826
69.36645939139913
62.86549970648628
65.80729322457537
64.7138392574246
70.80741815277749
68.58650452884288
69.2136993516239
66.67418309475369
70.37605578605098
67.69571296055406
65.77147920384112
55.996673719299
67.48368156894298
64.69913033720553
67.70384341495536
70.78192243893972
67.97475934091919
70.74331484368986
68.0962869036785
70.37032247819012
68.35770526276173
65.77799607732099
62.58410101851876
69.81854810713789
63.882549097220014
63.81119702054659
67.82264975443567
68.58348578318774
65.61257998865243
64.24518043192202
66.05912973896433
68.95035864301023
67.47649117235258
65.79412579227879
68.85911131921296
66.63136970304443
68.10534383441077
68.2443666970933
71.44524412813999
73.58967436972827
66.00510289752528
68.6970966241956
67.11223325359319
67.64836708461806
69.48338145084493
66.63402025618856
57.504862051167926
60.04999637571999
66.06548616546127
68.57307413462904
68.19195108022174
69.12775364383951
69.94527968849233
67.25418015471493
63.16019866796556
69.60057216060034
68.13084740161374
66.11230191433482
68.58385005522246
66.48083200704646
67.62626682507043
57.793722956382894
66.6837784620694
71.85697230501883
67.48712778910078
67.72167700725748
68.89974459114437
63.67710713699509
71.60338268956808
68.92998378761143
61.63160039517727
64.94227651882908
63.31518499681762
60.642968595533176
68.03681478446228
68.26533427231838
62.09511043856302
63.97763871577675
70.78839840905567
73.64914417506799
73.79426069180398
71.23970972611892
72.6607180681113
72.84370734734092
71.87304032858012
65.77364374191487
68.29265878034593
67.26927915740742
70.45524068430039
68.30266771432744
68.53661959795627
67.41823304547214
67.45972518469036
66.04417029560166
67.60809227564958
71.17265491142747
65.60250470978696
68.60836272021336
64.07464908252766
66.36222248741765
66.316991332454
69.63621128208045
65.94276401770853
73.73064702349575
59.49194068510219
66.50802483475391
67.37897044038513
67.47475648460107
69.55783318051326
69.09048743117162
69.6268665968967
64.93799308825717
72.39986164906618
74.67969990237263
69.28901850961024
70.12345130183203
66.8523199148121
70.31187028294147
70.73728498980338
68.5124095941579
66.25857576905078
65.63325695172882
70.46103607303917
68.80511731941164
65.77587530486564
71.00819107806585
69.76758438713165
62.82831897383609
69.93202668188127
76.29374644994732
67.20865434858729
65.38934764167776
69.13560511673366
70.8165393514334
70.3471188775947
68.2067578096056
72.57317755744482
71.84514562569895
67.22056953025275
64.79218375870927
71.37142165979691
72.3921759042755
63.856980909502134
65.91124204830574
72.26049514881963
74.74810095474783
71.80312245855734
73.35960782094843
70.15978483758109
73.1074049639893
70.07106582812696
72.12735853001648
72.30224770892549
75.27904913364372
70.54911459123042
72.3700655694472
72.25785487660355
71.22881384869922
71.37316193211915
75.79290497564205
73.3236968511478
73.48118087100224
74.59640813584382
74.29366529883046
69.59476562501114
73.50565239039268
78.34157371209095
68.01436904066288
72.31790308335982
64.01031247198065
69.41464415095462
72.28667574749468
60.517501029953856
67.95382177976822
69.41993509064906
70.4523445849037
69.37645059850718
66.82045969940428
67.65628310471239
70.15482746647972
72.67011287516877
71.49360727642497
68.08843479514388
72.34010547235064
69.22490082708356
68.46620938697083
67.5955330604794
70.152938710472
72.25282723141285
71.888481358229
72.54328807366682
76.92698337951076
71.45876402190942
71.52476929607627
72.22799147360887
72.8636887717971
76.28500629810121
70.24433949877334
72.13871703143008
75.66650496537551
73.4740728418492
74.14894211916251
65.3356514227887
69.00987332732781
67.13423210592845
67.7601375392013
68.67056618406833
70.13266669757564
74.64921876173841
72.19796869325432
68.72095922486947
70.62195679630678
71.50223094701082
67.15803293249995
64.22832956709989
67.2314838658216
69.71227439981686
72.69775761436337
73.6617562166329
69.51707616477205
69.53865896381194
72.57636018108748
69.3956999223982
72.05157335228115
71.48823966955814
75.95104522911168
78.01842465242673
67.734594510422
75.79057913414992
67.17509262177605
70.92732633612925
69.34955393521597
66.21716459952567
52.13364457082363
71.60356994012069
70.89156202176997
69.65245662494408
71.0248749799938
70.8490176070129
69.83409405024722
76.98215784245977
85.42179946762312
100.05073543916694
86.48216313897055
77.01918085184741
79.88859617743967
81.21548095764554
80.57732207082596
79.20983463993561
75.00759721214246
77.45462395564324
72.75102533664734
77.59842874427403
91.44460679353665
88.12356814962644
99.56117276460054
106.45401863810483
90.83863309068317
84.84897925855053
87.91356653715891
83.48610048611877
87.04758634996138
65.80179382316884
79.56345939604813
80.45992876065188
84.09454904268812
79.79530054561407
88.91356124667082
88.04994336492429
90.82454901310837
100.28349713162633
91.56717719933243
77.65917034267476
81.36447512390473
83.62661747660002
79.58616114987234
83.28045956537564
74.98457020266298
58.09823150613113
58.78044414255005
62.0316376193314
72.88603741457092
74.1595291449268
80.49903373036926
83.23332949124227
84.93577266666043
85.20910161400779
82.07414172064189
75.71569218178469
79.23623144757835
81.68778718602371
82.25192607451072
80.47776673790142
75.04436083266206
75.30082083889025
75.01891886613595
83.68162618510894
62.732171012523764
71.96753141214859
71.38802358524123
80.12849963491766
82.80187360648995
77.69971996116767
74.66020389099054
75.36404408201886
80.89089686290207
82.52785256475684
64.01622254939453
73.17962261915062
66.37923720133584
72.84565418003943
80.62939282942104
67.17394672870893
67.38816569385959
73.24414411775413
75.05784459248655
76.71493969138362
68.16142804687584
77.0942724657181
77.45667037474063
67.51462006348527
83.35905633251795
74.3789911116151
73.4068096188614
74.77836356789948
73.29799067866317
83.86287604669265
75.55761288829876
64.69948345224371
77.12459045956041
83.6410471870582
87.16121629465161
83.56172728803102
79.33467849012388
77.98035482729352
81.90071063519726
71.72445297570799
74.15419441519253
77.85405383482126
82.89480166720948
74.84472574787735
76.24980414139674
78.42866026155984
61.42476900392325
71.74754860038435
71.88414569538514
82.44827526357197
72.21915514075667
65.79242315420805
71.13515783196826
71.23092707026656
81.53858083475258
66.83455534228465
75.30107361330369
55.44066426065985
68.06414925177063
70.74219433816754
64.35582870104479
71.94722556699062
70.80334418006683
60.072521605448
76.73605242937668
61.97098786563363
76.07331426736587
68.19430949405563
60.5469702161512
80.88471008365504
79.07964894579682
76.02384532115961
71.70167417500257
77.86460969392381
86.46409060190479
77.0158529934549
72.69890449372072
74.52154931316169
72.07978556639658
74.64428497641772
76.34387122275326
71.525500512082
75.77715764655034
74.50740090617425
68.53248617995628
78.03493245124655
73.90713668075387
73.05348987599312
72.58434645255248
75.7369605805886
74.49090468971954
76.09794634600934
76.91701426622755
64.28370907786258
58.57729675453378
78.3781939695845
75.54639542678137
74.6464101454826
74.3705344384493
72.23578239228252
77.09643926617129
74.87512423522341
77.67706579050683
76.77853875242184
75.99520069639068
72.22772081065538
75.78058322211943
79.63208953247498
69.98277922931936
69.95818952843548
65.89153501622052
72.9049907017526
75.8670936306244
71.0663278262869
63.95014424441557
72.50138078873593
77.0923348650541
77.58387579308314
79.53004251273826
79.72941459842619
76.41421060573504
74.98529783117823
73.75335506939805
68.42112109302374
71.17497136484931
75.16725494081419
72.81929430477314
74.64355917817355
71.53459738956589
76.17910992602535
65.99664221961916
71.58366884491849
55.60513328535695
68.6404717739448
71.0831908924325
74.54420665078098
66.67064484043553
71.60090837468762
73.36856826658529
72.96629703021708
73.26008868920181
71.074560268091
76.78033892250677
71.29076054313137
77.83874085067924
78.87514753054276
69.04247695234484
76.01538739747036
73.56335111791098
70.03208623253964
77.57089890331278
71.14446813327726
76.48870828379543
70.79253541639744
62.12776409172488
80.17013212590453
73.97617873620491
78.67500902992845
74.73590241496244
79.98585850616864
81.31224395007187
81.50439497805931
76.49544862854046
69.74694952648244
78.09342067738953
65.86758959236779
76.72603550792276
79.76560392055207
72.8763845510788
75.08347552028107
72.47129477870858
72.86144219347487
81.63083059164536
74.88125634526436
66.95902417206277
74.09392354494474
82.07176181112786
80.37026129039715
81.7699838162308
84.22478373722193
83.76456868103595
75.3509747239207
86.57544354931231
79.03830901505083
77.91159008507822
80.5084084257613
76.36874527832666
61.993452738740054
71.92440216194002
72.55424620609404
74.42321265210084
82.85769636958159
83.60600345087587
70.64663464784873
77.94708527052342
80.47189168247995
48.19537411445336
79.65844471855954
78.98032795785112
77.270321764108
86.22494607296429
86.6886636569697
87.78276774363478
83.39454411797107
76.02170135608031
84.77548347258711
94.99607889991015
94.67049266212007
85.40103935299712
82.2252872147611
80.46936964599617
88.52826856306532
96.17987637643532
94.80430354775451
100.00314016196732
89.37461713286199
84.19532475244426
81.01803743700252
82.62941100390796
92.94629623837272
89.40522599463917
92.72182552277145
91.36191249502397
84.36417462327162
95.64542635166691
90.89780015564205
89.70465089873201
87.60513853521046
64.19037740513049
80.24411078828079
83.8085329379254
88.45231614741478
84.38181042508654
88.07184762243611
84.11635655551007
77.55996663245185
90.53845993319928
89.03392915827195
93.39217068273044
94.08262850582192
91.89857831223571
90.12144353992704
87.79268811203947
89.62112781395643
88.01581953913984
82.64347755268871
92.51633054089189
87.54267937181098
91.98330289956262
94.17403301336157
84.62833390879638
95.27570590485753
92.3780405437677
78.76477070366641
92.19034505400893
85.7979569919681
96.3580846201303
97.15913946258765
93.99541309638363
84.09413947925357
92.38886797785726
92.4954358594595
82.39176631084993
88.9108074367364
78.93148540693034
85.09716328955628
88.4551274071406
89.32475350436809
92.13634510432782
98.92099773516881
100.26891432131535
89.9416882294119
102.83448170172255
105.43554936726714
102.9675567316718
100.78054524943241
111.40806501086143
107.49508698667027
112.44110678737707
106.31168657387148
99.93524255244017
99.01462519975938
94.61563752394711
87.48669302654537
99.75600533624203
90.02974760664372
89.4951564245442
109.566167931551
110.35186136535754
108.0542829678919
119.40343620979328
129.92222859354766
106.36044587025593
109.85092985048645
109.71978186062887
107.32443318996012
110.44336394565093
107.89366415214901
102.29674750253629
98.9982669060795
97.49221022374898
100.85402638956153
108.11348041294428
105.49341303177529
93.1378578913021
98.28621331506216
102.0746634200441
104.73395524440696
104.45198361406412
102.9308307982272
96.61255023306937
100.10007649033234
97.18946995315525
95.3718188831877
90.94618309001251
100.75372305893222
99.78440949589469
106.97132661682899
98.35364367196908
99.34553008967698
98.80475128262539
103.00607608139217
75.90899284776138
102.66361894634022
96.10131274992382
86.68380372807788
96.32655735142279
103.59318040032505
97.17371434249229
98.77578640109179
98.18736884288727
100.82326039257202
103.23835089060142
97.51817604034493
93.72678837887247
95.34087660344036
101.05708770514073
98.5211743878037
80.71902106934783
100.17457260781404
101.29036439822231
98.42206816817884
104.4383290505829
98.82430465197356
98.70381122236455
72.9251778999446
98.8094830448877
102.25006427190064
94.48632454618073
96.86534650063297
81.66404426335268
104.35333796864862
102.85982216414058
92.15053102918358
83.34960882567148
93.14316888660403
91.6499477011363
98.9417406720982
92.25072177185667
98.600642217281
86.02818618463694
93.08686477878484
101.63285081984908
96.90107679957036
97.7510390599575
95.03671559785579
101.36581612730174
85.06862870585073
85.73863931957447
101.03494726150953
97.84210131046873
99.5085108545051
103.37550026529917
104.12059534884874
102.25446350871722
98.91589504722695
106.14520786291776
96.44198610849607
105.3054813252549
93.43231212616536
98.44221818923234
101.40962998514277
94.10590996838194
86.42580808537501
99.14488694345287
100.53860095830382
104.72082582276477
82.09471908230513
99.25579003802098
89.62520283699553
97.1947424389688
92.904482722656
92.97149627780014
88.12523343667026
98.21248775793285
80.87524690182546
104.30229856309062
97.78046326969957
92.84584061306867
94.66756585307022
98.89254897388186
89.42161056284246
94.81445083566985
90.46044280588916
97.4084795119793
96.34087285427512
81.16000377744415
97.01334549753726
92.24465920336257
87.6761321126169
93.38233675010301
98.85910333863946
93.85561161252903
84.44301345796094
91.55706593942874
86.75013516915278
100.15567113005218
92.28515834834576
77.51405641183607
94.35531441139487
88.03311868795747
88.55608505820051
93.32635300714074
95.0344915462033
92.77005848230124
89.7548161761715
86.29346180228589
77.37759821932697
80.71089623413931
92.15553216261456
94.19021822277578
95.53600601998087
101.5755633239172
95.88338043892924
93.31012891085821
84.90489161489901
94.02074678956721
93.46707384146653
85.7436135050692
93.83190133984384
82.35668451357475
95.80779571353317
96.22813082902357
93.51686725706296
93.11635216937476
87.01229823013755
98.34237119300744
92.19624116008289
87.81241926326395
91.83685720567588
87.59847188915072
98.55999872985524
95.79418554024413
90.63526321816211
98.23437669590251
93.04670609305208
94.47140431963842
99.18717942185857
84.85419521704061
94.05345209421816
93.92022382985206
97.17740176017911
87.94313367383559
89.13215393391071
89.22131608061362
93.63106206452369
96.20422193954556
94.99505621277689
95.44172509340444
99.72353284966887
89.93421398200725
98.37667252551742
88.74821409928506
81.74721492638282
91.87466851201393
84.38514910130675
90.64929511250577
97.9293632105502
86.29266403994505
74.61396639147858
97.05310191896585
102.19832145225993
95.27170902108317
96.46969740187707
88.80004761114648
92.33975501858987
94.24343984981965
79.97850742356948
90.3337609727
97.20479859957548
90.00821222021749
95.46242607285173
97.87307848238841
90.94553492769576
98.45689759578265
95.75983789808889
101.56687873864138
91.64428742073889
84.80457671322284
87.81614298158559
89.76142410889169
96.83467855295433
95.2188935210238
91.36903526906218
87.30650618337485
77.81997925864484
83.00824407147567
82.21536950560562
87.12493351850912
86.14224906667268
82.15359114582267
98.32065643851774
87.61939427468548
79.53719549813623
83.11089758677713
85.56046698482322
86.82223739948836
88.52514605450112
89.66017850863047
87.45195076749694
85.94714938168757
87.48950487631083
86.66188290351671
86.64487563914001
81.53731592676941
81.08368855715561
78.99320373911887
65.15024294882602
79.81064416897566
76.50490880003018
73.20710859601405
80.6066336320125
78.60774741592456
82.99117485943827
81.72492226992449
85.47097132842383
75.90233982392
84.05425343942991
75.40981534993006
68.82981180987062
74.3473184767951
74.30552221932555
70.93507425734742
59.951042518711866
70.34359922369462
75.3387509085557
71.65011628264031
78.47731964756967
69.37711272643205
70.77494399449053
72.80383882313456
73.7812870383411
74.13082734478725
72.71995945587497
69.83641017659949
80.21979933509881
81.13143949185924
78.6225412086311
69.56291439301253
79.62884898101011
73.85297354313425
71.82143275590697
75.74950268160181
72.77145770197616
83.13657468967634
66.25945084885304
65.76714692073809
67.25137005985312
66.60982119486627
68.96513244488301
78.24437379174508
74.88207665679032
68.84423775412033
75.1740324815983
74.67160621891905
80.15048827125084
79.3809914975932
84.31362236458666
75.08149343805405
83.61810197647897
86.26823898291228
81.32458301651701
87.0572411391677
81.03836970667935
90.37278966907218
97.95858129551883
87.4019944837328
81.33126155409975
95.46840866228504
87.33686906005539
90.34393471329471
95.72531447369384
93.12055052332653
90.371189903285
93.65677433527055
84.55445421121631
94.94045713142202
111.95702881084529
91.80448625928135
84.66583034883128
97.93912301850392
95.32911990286141
90.07609202647119
94.69482886989815
86.707984110963
87.56151911562723
79.68976748525881
80.46155772863779
73.61523003212437
