73.06231986331133
74.65648937420936
78.05687258306344
80.86444095043241
82.8407457915896
85.17846683288673
102.20733733235164
95.8965472050009
95.63428499041287
100.81216250060648
97.90888142460429
103.13106143750812
103.94025101470436
98.92838637397585
89.41636949595805
99.68246118798714
99.17349987456456
85.14889039606598
85.49832356292558
86.9754332215828
87.80178817902588
88.66653059874002
98.69604838989666
86.79213878654265
95.52617168965328
81.23354946097123
82.21000017171568
102.20257345018751
87.04566693762474
87.22768346368139
85.5241952941242
89.79568031686253
91.28537413854784
85.77720776253166
88.99956394551191
87.3927890328782
92.60249913442249
80.85032234816674
85.76726629042219
89.08995765173452
72.37557340701636
78.9478127917977
89.21741006442652
73.7525075694103
79.70483025637657
80.57196948157139
84.20016429973194
93.30149269052852
77.29701035631174
85.56047700021927
65.4435638091005
85.6528331944263
88.71894100359988
86.39543551921679
88.99692609016094
83.69147398265754
85.64161550119648
87.77716427232939
86.33234703255138
85.92088678222646
87.41926053816677
88.32526227116674
77.3450423056239
78.4206739678936
91.58839414630108
76.59015415579786
89.0941017460431
88.8074358493998
83.73199080678766
82.12724176718338
85.27938129021854
84.57783083985956
87.72551214737095
73.14123149729035
68.23975641252856
54.16230262393712
75.07576542941132
85.5960056129828
87.8049642420254
82.68316536162646
73.40003625850498
81.3884717683694
87.98090669258114
88.31791127707154
83.74701405491764
86.00237753840827
86.4602088209941
88.86711087787164
90.343809433181
86.9847942638668
84.7335231806145
89.73519372476477
98.73845265404873
94.87922157874381
88.20682662078555
74.7807475066198
72.90491750884775
91.39941938590985
95.54859879010777
93.6611424061074
93.76209436252162
82.860208636728
86.37980418544578
97.90881767399287
84.04133201238938
98.31937884177825
89.01241445622895
90.26608124796256
97.9632087179509
99.25445983908666
95.53517700192248
89.4929250525482
98.33732957945286
103.21326725449222
94.59178119335279
95.24641150770572
95.06859672923481
92.03898969603736
100.13134514936306
94.95378182076082
95.85989564640029
80.6625388943367
101.14481635111201
94.6550297758807
87.87090145519122
94.25454095287286
97.4581138732095
92.5789078921807
100.76878592213143
90.74787486077604
79.340373639274
89.67806221319958
102.7789836827747
104.33926024700084
92.26131432584546
95.88955691289932
91.10895815294188
93.56334530538491
94.96548174809317
88.88658025173426
96.25748878177285
97.92257424232528
101.02188889692275
98.07363793306821
97.57573776376844
104.32072000086414
91.95048180460262
92.12152854987738
101.75906211571157
92.06291440177657
103.51687962574415
99.36662105818687
86.44799890467507
96.58337553569271
97.57435654899132
94.67373186139582
77.99366672067097
91.77802872407723
99.98075398278178
92.22214457660002
95.15976775135042
94.67477759645136
94.46252816425161
95.96807274818752
94.7645120338095
85.24335127343093
91.2925334597949
90.90189371768196
98.97603905705154
90.56526020438093
94.50588253663796
91.88837871244102
98.19631593987398
97.43872121845303
91.72587727706194
97.96133053527288
96.701817151246
94.09213204796774
93.55233883453026
96.94245499914346
102.63183055699743
96.84722029460681
94.99174628041632
94.62835638299863
102.92032048386729
104.41799041183992
96.26922577857493
104.78088596556078
99.22429513650238
94.81205368092284
96.21505550340817
95.58989958407292
95.56608726911314
104.55855741449767
93.12876925456735
105.41759421659292
99.370812932733
89.34950615274543
106.9724357329371
96.22480320108637
102.74053016944004
98.40858675035375
105.8059504887133
105.42921079167685
100.99198640485865
91.91763229489828
99.47797857346656
101.70187230314414
99.79561359722508
103.5053944879732
103.30493930899401
96.65907555870915
107.9902140799595
104.73343944335474
97.00065142272238
103.08135294127153
101.8782425017743
101.91404662312016
94.82266767313948
103.40980195714751
99.21553774849431
101.86586024078343
102.16972512159275
107.71550655718417
103.7612422830685
87.15028940600162
98.40598468621408
108.02556080034373
97.60206251153113
98.23557949736058
99.97391017033053
100.48313995955857
97.12314844254279
107.26010120278423
105.40972694252008
100.49163344428854
101.53729536414642
94.29383192169765
102.14106151741083
79.04039137544598
105.07550463660101
99.34243835995913
106.3637474981495
106.61900539713182
107.67298516828237
105.30307626779488
102.70372113405631
104.32995805841304
101.82339802950995
97.28593295601723
107.90672959937183
103.28965252989612
110.86756002531752
108.72443568212563
104.44654410706421
98.85585922542188
105.82976440777188
105.57641509899513
108.49431427376514
100.5220168884948
100.75813578991475
101.38609997526352
92.2675410392944
110.08426439481411
104.68544655971675
99.74303707468549
102.43473899540805
103.35837252551306
108.16632653571111
96.53086071004762
106.00250090665698
84.69785858424544
104.92047491728533
103.01899902735606
108.81152459848548
110.60220238708266
95.10763380977181
103.26839021455979
102.95099820667429
107.01509922009434
106.6742629227418
101.30085589688859
99.99384833999288
107.27292445448926
105.51314419384175
106.39407908669958
91.400822020697
106.74375441677867
106.3669636849022
96.5713819275898
100.05708916184304
102.09707677518124
101.60086203310755
110.64608502063561
106.26807563581836
108.94598957246558
97.60855945713189
106.65072072891492
110.5278830059558
98.69889125385542
106.01264248023234
103.72029423393101
97.53851086282735
109.07258997329173
96.6445506381944
104.4420325703858
106.56728004067438
107.49810508590647
110.24898833565054
101.25725027511622
102.71899998607819
108.65613470615318
103.05755476229905
107.51018779486004
96.46421571195718
95.34459762623392
89.6351308325809
98.97549756512089
87.71676899437173
94.27737308871042
95.99363754378015
102.57534205530847
102.4470174713455
100.32413849155958
103.21315322461015
98.00312582678465
100.70869059937047
105.18757799742188
105.14612277517402
105.72469273732398
107.85662950025389
108.30844938134278
106.4382916676058
94.61447622106655
99.02348620142548
97.55210009103065
96.99832214357416
93.17480849944985
95.76133207571311
89.54361652415933
94.46333349001755
91.20399575062663
93.84931181068043
99.26196405658632
96.89253125892029
104.27163259968117
99.82294610612102
98.9763052666627
99.4015185966283
95.52250090220278
96.10242347560404
99.06086574727561
104.96145823292657
105.78831831137406
94.79929527646706
92.71225788922897
101.37173810472922
87.72964465007725
99.09857124029868
97.24963775924965
102.0392280149283
95.37435111941156
88.11837055454603
103.43744071439566
100.12815439330512
100.50918286593702
105.95268846597585
99.15890074820565
93.59597164085977
83.70504424592396
92.15614978822359
104.1507629115577
102.09916781507316
104.27530509500778
92.35145908023236
97.58506296877783
104.37847805376067
111.8114322251317
114.6617586670045
107.3725236909349
124.22908890330493
117.26987173425431
109.14841927378842
107.5519615718353
101.63880379420006
96.2845633187172
97.64269656422896
96.0751217340352
99.16723916471567
101.35388563658813
103.2412694226359
105.60094447465652
105.99122032146607
112.92561075532137
115.87790525645079
132.55811330336292
110.81104096936261
92.41168590712554
109.90260437039379
103.79549286615783
103.54045401998532
107.01172201249662
104.52028770266894
100.22079740853435
102.22177281448577
83.2174662731582
102.7842108957268
100.76935567879096
98.3833395807413
79.77547071122784
98.76259992969906
101.66315829202912
97.16000589949311
97.83007893557263
97.12440374206355
96.49185060409904
89.6593335330955
87.18486470525326
99.388853865675
92.24197715198812
89.40776932962946
92.25198474665595
92.58352967191408
93.66448850684725
82.44169639649813
87.33580226035365
87.10997624712321
89.84924501357062
91.51206338713818
89.54518886829936
88.90301713171083
89.00920781334328
92.87189347053028
93.70893331157828
90.69238648180188
86.60766179896198
80.51613092013471
88.3901206905623
82.94019331149265
80.07952684757345
84.8943867473484
85.87301459641557
86.88625997371994
93.10880048157605
89.71472929896315
88.17229270391051
88.33287009002588
86.52213896638231
88.44597232462175
74.9635543363958
84.22175623827883
80.668517936332
81.97101723226857
86.08830642557778
87.23512443536248
90.4462700988027
87.81376245515703
88.46500091423482
86.34080363703961
89.78994406048838
88.5849653443355
85.96038031991196
83.66403928065692
86.7607509390036
86.64077801040074
82.40165892997693
85.38443691659042
85.1806927982932
89.43016550633274
81.8947274625446
82.78157119609395
85.03461460288854
87.30897207529124
87.30457864076286
84.87134875667303
87.87936817840246
87.72765418459892
84.25835567522121
71.68562479458825
69.33239027734692
84.4367012722936
83.63646136442546
84.69945640192337
85.7111428236386
75.22673233007029
82.9281135768968
84.47601687843132
82.1246239057639
84.73706670228702
74.8265603542458
81.78388346669239
85.95699627464614
82.25850438832663
79.58529601101294
83.49986403584067
82.59209949526799
83.14750068377806
79.73987312092268
86.43042095591389
83.81053255435474
84.23591639931082
85.94502277809468
84.76902539138831
89.45144340359988
80.18442748869937
84.03298986536996
83.3247642040598
82.13371114799592
62.77564428821386
81.4844027532523
84.30578314890424
77.90328909571815
78.85746671622533
77.01584672081368
82.57609270444503
85.06872868945456
83.86669903410679
81.09407912294222
74.70900613717025
84.60162299421022
78.46114344684655
81.80120617399612
85.56737355748231
84.0414984637509
82.13053047358088
85.62125231593454
82.88738161013809
84.4220520451684
83.37974142430068
85.46303393133496
71.6998014341637
85.02821815047909
83.18556591642944
82.28401307110772
86.37343866205248
84.34351620773433
80.92630227831003
82.69941282456782
74.04114776419546
83.58137847570822
81.89043723916826
64.46440686508056
77.10396714494837
79.73678975510079
79.31076814854117
85.97613949573852
82.49753103624394
80.31856947381382
81.65387171065937
83.06377262142156
82.56845384579785
77.67545968671332
81.56653472227026
80.58318515940485
79.69534470958617
81.91851690452444
82.06466532801066
82.13871515087692
78.75537296695275
84.08315444861009
83.94604650038183
78.78940920490953
72.87349187324246
83.89179788456082
87.59550100595057
84.39734547263448
85.68141173051907
84.37353841072249
81.74876093819645
84.47207901053093
85.2143500872708
73.24466333154899
76.41163396983113
79.68785709673297
76.42411670311903
82.90891908515229
71.80039054822893
79.32013408627553
85.48485854611147
82.0370581033754
83.05215033887124
76.01410774531404
73.9392618535234
75.32720376467884
73.04442218767966
80.79303804843305
81.63551939280828
78.01675220354592
74.75607484159477
82.28180053559684
81.56318572914749
80.1297070443893
80.37368611362507
79.9963421606854
81.20110902500971
86.2918602426606
81.6966914260139
76.6121259889652
74.71388359036338
80.96949515416617
73.02840478254923
82.52472141153748
84.24525033896772
76.77579436311203
76.25955307433692
77.89518853608523
81.95812021184443
77.22837417026368
82.95941461746415
74.96967164921084
81.78864530913444
84.41869276983583
76.74964365286499
72.45880468973782
81.17805430151498
87.78939861490113
82.73279850724606
78.05956993284482
61.46763296082134
69.05884986124234
78.85610433364485
85.62346695612445
83.92474201283049
84.62038726577809
80.61400373582313
81.21149245724015
79.6736954710652
66.04322711430572
79.18825776971592
79.06316800451711
78.23616502435672
80.01758004826058
76.60335767433968
73.73615043423642
79.17771116645704
89.89430055844952
77.26424655344445
81.43237170323647
80.09144966637788
78.524193513363
78.71308946522484
75.38181554654643
69.1685488242802
75.38973774875846
76.59855164937619
80.95414006385738
78.44143294450146
75.64154666770156
75.54040357287354
72.09689450524216
64.98269061659246
77.67878516396226
76.89454641773483
77.26209238311162
80.55812967558091
78.47605660024246
75.96133572427054
73.57955822049735
76.54862150629354
78.45160634601079
69.30116993518499
78.94074248393844
74.98749655412352
73.67835978609638
69.95570778844409
71.90385859913549
78.265102377607
75.75738977054762
78.19476522211593
78.47679121976861
74.12552622403113
76.833942371493
75.26158107530352
78.00803809808271
78.5256191049279
76.59635142175227
75.51539342505556
76.00028921072952
79.34111402587251
77.06868823164952
76.25941705945107
61.28696832264528
73.24142694098234
77.01584487079029
81.0880923147673
81.25999895352595
85.28939144463021
81.78485034300675
79.87817761752919
78.99720381128202
76.97924002424631
80.04425018602596
71.3438647135153
72.32757448959634
82.83836380952437
82.64903549051091
78.84396073509097
74.80620647371431
71.3677000647189
79.11545436196901
79.19680861480242
82.74959500154611
79.0601709952758
76.56250049982143
74.34926223670072
82.77026657845201
81.18373278993765
79.97493137722476
81.09570235313697
82.70054268522401
84.86520094904394
79.21258383181575
77.68176433951594
72.76665698489762
74.23672851477869
73.16628880642399
78.84312201989032
76.75635021810751
73.00339366018616
72.29067407999912
74.86428782693115
73.62743274487
75.83531793776058
75.1424567575018
79.49805658736292
75.59913968713762
76.47597877781175
80.644713401244
77.20780982660196
76.7941922461826
75.74617535144817
71.65240844116822
76.86301722686635
71.08190446426336
77.41888498044071
64.49355636665881
74.73342400907322
74.66906782309628
73.63895391517974
79.16214376605909
79.75144349901993
76.92572429475875
76.45597728928512
77.57647086053396
76.00698212637515
68.2106293509763
76.0587802589067
81.03720568531324
83.66741224082406
82.18054982947079
80.441074167137
77.60675193019134
77.0432860921806
81.22518063237514
75.28345456209811
84.3022780268774
81.7976890434821
86.08864985224072
79.11945692918194
87.55811695114552
96.47066600925484
86.06664801042459
75.45142779228964
67.10836255951077
73.94313795819903
74.02577061453086
79.22458310833684
78.20476724132739
81.52342380905253
83.2725448018964
78.11252056293708
83.7426707938124
61.81048689424589
90.81662933240696
88.7602616590801
102.74056619979177
95.80221995109106
87.11687478809964
80.92058512728335
81.19481597958799
75.62640872431405
79.90180669657815
72.1203672401063
61.57255855748801
74.19685186784892
74.7137573522373
72.82390871184735
73.68229881761177
78.17569423011759
77.73232024903889
93.40787848454731
80.74448602500603
75.46088630701892
65.28956099666578
57.30055454903555
69.03406659738062
63.9393713469416
71.71362909080693
69.56855095295427
67.83299527388822
68.90008830385624
71.00721979608788
74.90428530461499
60.055227990769026
67.27504114315367
82.02686499711876
74.13027520471962
64.67340245511225
69.3429984556476
72.38188641504935
70.25255242917977
66.56343351294834
78.09467320850328
77.20710683793864
70.35985402705516
58.57811541949837
62.62237360604363
44.509095082749965
68.63775816028893
67.21300672085466
55.81722565039776
69.456037454296
71.47942493380566
66.28758794142023
71.08242406580904
72.09041500115292
76.30462012705263
78.62193157461247
82.68881012023616
75.43252522266944
76.25004257801982
76.41921849961523
74.10043278994294
74.5181159828637
69.47721302331958
71.76419333996395
60.1309669744085
67.01928291295286
66.51389896174283
69.84972381212016
69.5930672719714
65.8700621119323
73.03941751548803
75.67043539043904
73.89119282744781
67.83746114587893
68.48808167970135
58.15955757445403
65.89605766825113
62.30221971503521
48.667605602179826
70.54902146663986
67.64239866460056
72.53152867596623
65.11943284366934
54.61684951732953
70.77725211805692
72.45971060546906
70.47316049245683
68.37567118724361
66.82563823409944
70.08267552014547
75.84014132213588
72.56645562124558
68.6242929406225
64.56879173866457
67.219165495975
71.97372946378819
65.57218061986913
72.23274147490321
73.30845488095535
65.02657214966861
71.27550707304455
72.00620439880299
64.67202307000277
64.31427240297911
73.50597435533489
61.262564852283134
72.42520592406392
71.25670920569047
72.35084893536973
61.54150612494534
71.7644180338313
69.77054149877974
73.22879888702319
68.27610138776937
67.4970398693888
70.5022866378779
70.97490419395909
69.17863604481887
65.20003137447004
70.42048418726498
70.78758683111917
59.435204602279946
67.10789404546533
57.8047176482928
68.10641606284523
73.10129644212233
62.95692094824769
54.63370059343846
57.365607385896055
61.82655761873959
65.04586824337292
67.45802826107634
66.09582423344861
63.05826329057787
66.79597167375162
72.13446075894291
45.91905935702493
67.04402495343977
70.51172234317782
70.73969528674309
66.45836193614299
71.3018010306791
62.844262287060914
61.0010253669607
66.54592755016115
67.04516811344709
53.96054793476621
66.08418953388441
62.63982194982702
65.47863311819843
70.47726050581164
56.435813867080434
60.43506319958727
65.22550457103395
54.6448175071404
63.46678883725311
62.966332125155745
54.82106260450927
54.98004478941981
64.29602090307917
63.33957016445953
66.36113298429709
62.01376016074722
62.35679612371211
55.87216375879365
59.71997471177343
63.09615044176474
60.27953008201712
67.4891595232636
67.15765709506627
70.09848525761575
61.32631354863488
56.29483392908328
52.3581085138978
53.4164449231676
62.89295457907156
70.88809846597402
59.76090251075228
61.010264869641745
66.74302087243726
63.47338743141542
59.732173289109184
69.63986904386998
63.506648935758314
38.80181436205271
64.18287211735658
62.24052810243285
63.438788739003876
62.976714876419024
67.52760479204056
69.91311438529888
60.7471010614012
69.0097307038776
63.53636467960503
60.802620664178335
66.51492202278055
69.53189146795606
67.77665329086888
65.40504534460152
65.80878555522146
66.21828748254624
65.81823238511478
66.64396079686993
68.0201297812694
54.529402213487174
63.231953923278155
63.91896735343472
56.99596360136461
61.85366041120002
63.93735550298305
62.69358793367929
65.23415074137036
54.77588960999637
63.294200684827004
58.692965944326936
61.66532100183683
71.7557809283767
62.26790459734911
60.60006411611496
60.320664894538645
69.43937113788884
66.18223689354826
69.04998570855068
64.93064277896515
64.85446128298652
57.230191108901295
63.163685578832414
54.998628833306014
61.627984425014255
36.49061374470516
65.36334615628027
56.683485180089306
60.81038986827381
60.42455249062955
67.6739642593867
66.6783744005153
58.5583417688979
61.47704697841149
61.896673947543036
60.1853088896926
57.605213925411846
55.37577095990937
57.54145687392136
53.82901423386899
56.53799099646779
61.68120148890254
55.54470301739296
60.70652926216663
61.841533885472415
55.906631256619704
61.69830854688796
67.00363414353633
68.10345793431796
62.75456092678831
71.4993768809194
63.37078674155178
63.56468807435653
61.57142533140232
68.41698037408455
64.12131592065822
63.50800187832392
62.733154333064654
64.04247077501134
62.91001489222729
64.88827588281815
60.453622152500756
58.45692962988177
64.58928920787672
60.237980003591574
66.91674144671414
60.54030566712078
58.19554835405925
57.615045804170066
60.49241616896062
63.12710485988526
62.40033381345089
51.93540071630788
62.446772651898726
51.92755124748105
57.86727539071204
65.10017505630361
66.62736268782834
61.95853518954866
67.58692369206143
56.90729089466259
64.92328526055385
63.10367031802548
55.591706251894195
62.97420188167004
56.85057413590977
60.995933068464645
58.416636863261445
51.380129984566445
62.882714344129354
58.38015934561608
69.52006317760116
68.135641650167
64.50509586984174
68.61079989830814
69.236864624199
61.3585454234513
61.58121976774321
63.45963531103329
61.77171911117259
65.06864463192635
71.31536021688788
66.95842776630354
67.89909039883965
56.27681809535006
64.95666812017896
71.54258058086664
67.70749008509239
63.18713546980395
63.52943545716993
40.42893166903508
62.19763735807432
72.8256855151716
71.18201593139123
67.21978086854843
64.96544362976293
65.03233624035548
51.607280998546074
66.5741321038884
65.77666311203535
58.28275544627925
70.94041532420283
70.94485506973889
61.17466840212592
56.42340958495632
68.61133149116209
69.9033371726806
70.8111310501508
57.29043951933848
66.04690183269098
60.256815371309585
65.538622501197
53.33924489283889
56.506256143910235
69.82004593582244
66.21389055878393
71.59081187994268
67.88286256042996
64.25311723661748
48.50068225419076
63.38552800922937
68.77204582776736
70.47743413930593
65.99894982498279
52.91907836086648
50.02271199386634
62.81669933516867
54.681573823792235
66.07863049793498
72.34423823377567
75.61395666139924
75.38928393442883
71.688537508863
63.78795234133615
68.86559669807369
75.235325762148
75.5249769684208
72.39756054356342
63.85292334682737
67.95788816024279
62.88675973899562
61.05234189860691
67.05488793081341
75.07759736110758
69.21512895018729
72.715113408257
69.95518134672561
64.52114746746847
67.4433382696551
59.96735453451008
70.3382111060028
71.41418662785102
70.46588000324823
60.911128023168494
64.3242341684183
67.0111345364038
69.97126484566415
70.72708593469687
65.16345796063891
71.59415028772985
71.03870894300312
67.32915868981523
72.55470180004446
64.50929134643187
58.75145092452907
64.00498981935367
56.98213951852764
70.88495273201274
68.23201635883697
60.914045364697806
61.364981480236516
64.49827504239964
55.657743516396145
73.26569912690712
85.64412304807702
72.42182222275866
67.78224656344919
66.1383451134761
71.11780590599203
66.4944686653019
65.4647673168756
54.874658769109516
62.13702971662211
64.76083168621636
67.0463992042095
57.99569476435673
66.82998295167745
68.75478218598045
71.123880503429
76.06747894534281
55.15637087194152
67.26071234971815
78.97043308353011
59.00570057518053
68.01066531598649
65.3403964260213
66.4271694565016
71.5280213571875
67.58986610433972
58.31188085778227
64.2556875701729
68.78931238576381
67.90817693351066
65.44686086528561
70.81957663840252
67.57611714643652
59.737036243561754
70.26488886995791
48.8006332723195
62.33847897417105
66.82124409954926
66.81964451664857
73.88628832730889
65.01105088696663
70.3550937133808
62.85143669117919
68.61718943413238
60.8176696827895
68.43028483549537
57.05275301595793
67.92563187144862
58.460074843781136
65.69986232992791
68.43872044373677
62.54185077915316
62.64376057399006
60.8881367793472
61.99564750293447
53.364134428789825
57.9320279831027
68.02451718272286
54.31404133690836
68.39051749309314
61.71348811178933
69.50012559916719
60.550032363194916
62.82295552567433
62.78434714567659
68.7833833070386
65.69819790939943
69.53236223165925
58.598154845230056
70.20197713162723
57.33589763405825
66.52136677147254
69.22720262166632
69.67767212276001
73.10002403983202
61.446300708727755
62.56534822348418
62.4771695043131
67.5140464329116
63.32410012101674
56.962264595325706
57.99850684970118
61.56014305545572
57.73080869728141
69.38407126589703
69.92776366186838
66.90870338471133
63.250610726716985
65.99731521892103
70.73474396348294
60.34797120426533
71.68332648441987
51.19520211582091
45.41297134469308
70.49069853099266
35.84629888328458
35.232670654376946
68.74203722017239
65.87833958169504
63.35366134687166
63.86677201573769
69.60966994243451
64.31356212821998
65.23617380820305
63.69709144423797
70.48500799943672
62.789266821893435
63.03906039162467
65.61973015235387
64.29790362505399
71.00663403870713
60.17727525780468
59.300833924776114
69.27464399752834
67.35516194985387
70.49155899373582
70.69833562029746
62.215643943892054
64.72699300129995
63.772129459853424
70.09963807663448
67.00322556555889
57.982356826598156
62.7748719407414
65.91152400463781
66.59847734761198
66.40761190133613
66.08272556778913
48.67822396025839
54.924856830511914
55.349969733008066
46.75951387266696
66.21624012060073
67.78869370519762
67.6734550803921
59.306252971767606
66.68618836247653
63.626662790248304
63.03350708821077
65.98068443332915
58.62385732703341
48.883700103178015
66.10944752009613
66.32399149449002
56.95875187974434
64.4487770184281
61.697445987161274
61.853170730468975
63.590167567572124
55.99912868877634
61.44642402644906
60.17692800667924
58.2772742140094
64.31999192295797
60.25766202630685
62.477610333945364
64.02456307010651
64.39158717828315
54.74680869415573
62.61420962774619
58.823287548694964
60.60564724777292
62.70500503493529
65.78506441600896
65.35634038093559
51.78466739074003
65.36318576351692
61.79980833455296
61.33076449173913
65.44234942247104
60.20048309553661
61.97943625974047
57.61425205127432
62.746286340228494
63.17087054646671
68.19113688385414
63.587577502351955
55.16051167846065
64.69206781571958
63.9503449314833
64.46083367679779
62.22541519160139
58.17865021750296
55.44504754066702
64.22016051230715
62.16286649301789
67.87898619415789
66.7665477742589
57.33984779148945
58.28467331694813
62.27221027500664
63.350855429791736
61.82013851824471
59.72563056493216
65.61060573375565
63.14614548132087
63.66297867851949
55.818298679851694
63.4105413000204
62.92702940077126
61.820466175174424
62.899869244184174
62.75887088766122
58.071938495313596
62.33311763007799
62.05358865705279
60.256648304741994
54.60450014750562
56.05612560362471
66.56221066863147
60.69211637733173
71.54492096655254
61.29503736419042
65.94971831930727
55.755784516839
62.674440250696996
56.755761995086175
61.1813878149784
63.16217615650914
61.127363079628516
65.93912768451376
62.35796805608316
59.78003704153133
69.09424944934241
65.10418314524054
63.029820510374535
60.00773659220337
51.218287773160455
60.66022469793139
62.011049270059914
59.01318909092318
66.2687516050414
68.59867067607654
62.983280763752994
61.61097572093118
72.27744231436841
64.80537390132183
62.43340170891058
61.88179411620581
56.44903860548192
64.64515752479878
57.74875794894623
63.16439689137664
63.502319901880206
61.906601239768825
63.76226922585701
60.624582879740146
65.35093045212895
54.95159839523237
52.7633593586814
62.32441496536922
59.21594506019762
61.39560039588116
51.63955442313055
57.70510093249521
57.73678511646964
61.95084548645583
62.886120422347176
57.915918960349956
62.71216992633604
58.23086493669972
58.67220041395767
60.58299882214892
64.88880220356913
61.424742612643385
66.64725538349215
53.587260312039
64.86861011582714
61.68210653471624
64.57869133126434
64.38089436434542
65.06204168416188
62.86611876102445
66.97342935326898
62.1759831396109
53.25888070388592
63.647668602672205
58.616438323239834
57.17199448376888
60.1505674220834
55.845600834512446
59.71124909580014
68.46070594189703
61.10552539049944
63.957161135875545
57.07428724710434
43.25763781541417
66.05713662109795
61.36181993131106
62.77279646959555
57.128354677874384
59.22609482403437
58.22403819485846
65.35530219811216
63.62280685292341
69.32415670733627
62.643014750087154
59.598610897010204
63.85596809658026
60.2621265629043
63.004613079043494
57.11611290546354
56.906458702931175
58.155619841262045
57.26209533509283
64.7201484044905
60.749959222398246
52.980953153268715
61.52299807894796
60.83361146663255
52.23671965205186
64.3696287841721
54.76866571150147
57.47340617232028
64.13024099427733
49.503226995417336
62.84565122858757
59.03792669379421
58.18490038195123
38.25351803739366
60.88502179763508
54.97290624415925
59.55584587696925
64.02800545294441
58.38070816783711
53.82828872186421
62.3544202989737
65.54039136649203
61.339917391728235
63.56712763065868
58.602479951270894
65.1580056454411
59.309708409125136
53.46899187679157
60.56529433502944
58.15178158908547
64.89545960878682
52.29052815145106
63.01303202580743
61.173659763954085
62.20583334667584
64.69724248417509
57.388109350488236
61.94809172791316
58.0579706263683
60.14779094090486
63.642282380357756
64.62383518499271
57.55569542781728
62.28561649367951
57.62115590108813
52.51825441635744
62.27562790732619
65.49633803053722
61.69189485619689
62.453266272098375
55.78685297727126
59.180534287807674
60.134814710720086
61.7461824632518
59.40846754802724
65.83377815377976
60.141974137662956
64.70905347165035
63.28967200642802
59.899084040810386
40.50270864428455
62.26203972867414
63.59169369447352
57.24830158388197
56.28802340256419
58.425542717631444
59.9892948956123
58.477835421554936
58.42974657223495
58.36817900183132
55.03051432549185
57.404969634366545
61.69812140063809
65.35323755308877
63.88577837317161
61.36508945135649
60.4384330909526
65.13400036401595
62.9646864247526
46.18585970499902
62.97964007948791
62.092299563086264
59.94403629937334
59.453776728408045
63.43861921440313
60.0511873536712
60.86308148425328
63.224885361004326
63.03587460691862
60.51752434657474
64.1352718776918
51.3809160582914
62.67644899886746
47.18938557884091
60.48344020814703
60.787730068219645
54.630032984330505
57.637311535042734
62.653310551944436
61.06852344627445
60.82844259141778
55.62036666397408
57.11132059473903
61.98682082242105
50.15387717168984
58.02575105126155
62.66385670751709
57.082428523322044
56.0834292886001
57.55379893009078
63.31210634820014
64.73233620637728
64.10337955763245
48.054707355921394
54.422185226895195
64.7303796201907
58.26014116169229
67.52721582946158
56.88480381003443
63.2406576472549
63.759655259569925
63.166441485226564
59.587514751371714
57.71248527319969
63.16503442398786
61.084050088295704
61.43937199194687
60.34453267392762
56.60107818576841
54.45181606087325
58.698807601170124
54.23725316113841
61.43245081558928
69.40635801829836
63.020600065701984
61.88394557815353
60.28426160006853
57.22156533568708
64.13390181978977
51.35844621699465
58.895481588255585
61.479481512827185
65.5198616238175
61.27175535921448
55.291342994859974
61.26652035945235
63.8628200735332
67.02941702962114
59.94371847184935
62.712218847832645
53.369499603689626
63.785166401268995
65.83071271112102
55.267954295824225
59.351865326450266
61.22014414684327
50.12729010918618
61.27670341480414
60.1924385608823
57.27082205258871
66.99493052634986
59.63449126988163
50.44689317322904
56.11557289456795
62.606246508823126
48.34487318503107
60.64414072623475
58.957954280772725
62.64267774807867
46.127342946445744
59.559732829573484
64.43368328488056
61.5312819991897
66.0472573598548
62.602591168293095
66.99342556731547
58.0742991727664
60.1305761123999
63.443430199328844
62.508865316990814
60.68999549595655
65.15211078358307
66.28767367715534
59.900669414901884
52.49203839425039
59.665199676807
60.220659996526734
60.62290072018905
51.73016108977474
62.22264835649294
56.83943976881692
48.63385949440527
58.39156795375133
60.01017585675566
61.69701534434203
56.805811424580156
56.72339231896068
58.4637277455898
58.38742261171744
46.864359121552525
48.67876893416921
59.231323025155035
58.99559523912474
63.439238073293545
61.37065578103224
51.292769159317004
62.69749730312223
62.70759964662942
58.10561953034541
63.40667517018087
54.99845217723415
60.086558855134754
64.51793828538506
62.81024156556597
61.073461731429155
59.41879549576939
61.734090293864064
58.79050181349541
60.80409855024381
56.18298100057767
61.12744810885474
55.125727247593225
63.15128433286116
61.930171414956675
64.15089616446662
63.04339676257363
58.10822073775337
50.04766051563132
62.905168095765156
60.22565180003194
57.10869572050032
57.41204786233138
56.78778744759329
65.0359847862011
58.408101441213276
61.01756433769438
61.37107818222228
59.444490293705215
51.73783186065278
49.668091214086445
60.24605129391455
60.92428406089397
57.96497159866995
56.903842519186796
59.0901431679605
50.61891500990838
57.75760889317881
50.910035980719115
66.24797803774075
64.27185965800443
62.5901289706152
66.98406015647144
57.34968481720131
63.77098819837364
58.25427142790697
59.197088585428205
58.26899147081832
62.95871985310875
59.75440720780079
55.07930232603591
60.662081792204496
62.773695936153835
60.905285262148794
59.52488713997951
58.289890771550226
64.93951586810236
55.44511773846207
65.41969892246743
58.54629138753069
61.87293611929932
65.3560417609036
58.60042877836936
58.833105453434136
59.22593432002918
63.27546710082633
65.40572048434603
62.30735484812274
61.154655448436316
62.8467131045151
57.50847109477767
58.04736455331714
62.235869406093954
58.939515443155805
58.5184376287629
57.72219063139366
57.72280793253234
61.45470559968161
60.67713680861352
59.649647626852335
59.27575254383024
58.727911866060005
61.00395172305335
52.906970424322076
53.78923631351093
60.54806766040297
51.355474087886215
58.045479030135624
60.58908252109185
58.679373907808206
60.34126486295003
59.60332323562511
55.471802265694585
62.4798167871615
59.47957694090548
44.89019253558925
60.10091407852806
64.09699129927078
61.32840207083621
57.86131336365103
54.761050868505734
43.01087856902252
56.48566817341276
59.77360848860938
64.75823815429942
64.04407131414976
57.568713478166124
57.55943912615724
60.851905918011894
52.88877583497986
60.29689636438089
66.45637513768483
54.49706238934483
58.95402496933404
52.282408727075584
60.88890853108289
57.82013839786912
53.641425011311405
50.864417474309896
59.69650150772804
56.72114506323953
60.41124617272662
58.76471184870511
54.9468388682005
61.96716602573573
64.0067947372009
49.394748612936816
54.89947879070848
63.42730537178192
62.131645298186726
63.51451994204828
64.86351949704044
64.00187161972856
56.82147244707409
55.863739722571694
58.75722378601705
59.133203217912055
52.75799771862432
53.416076722399595
62.408780493434115
59.23774600865623
62.564606715985065
52.04479673461539
53.87286689773158
55.94507340770335
60.5215023911845
51.23349704512304
59.0128333595894
54.56876889313825
62.7877686755003
63.74110726602567
59.49566950636395
65.10417464791998
59.00442198267637
62.04453543859802
56.695449214222435
59.78964453160738
57.93773419439329
58.91036751337431
47.80164968062746
64.28156167746235
67.49113321697034
62.979944998413885
62.392009476020256
58.631288874201786
55.00389112730902
52.29136468689565
61.89250708438793
62.13324405722011
59.783311999269706
62.63892929452627
60.3078999241771
60.811312219416315
61.765492809605924
61.24449378240453
66.23764951111663
63.00732342970616
54.341215701035864
63.842893727175735
64.21614286998111
51.2346415178498
59.94100094819121
56.356642797276244
57.93277992410384
59.818617560232205
55.632945798773775
58.10632988341688
63.09318663425627
59.926221803222795
54.08453713117913
67.47210021688753
56.38775568537394
62.62091980670847
55.55439520434052
65.11352101277295
57.04405484251524
54.2953708416806
63.92693055671266
60.702265980971326
65.47292600127284
58.44982116148622
62.6182743744498
59.415525644260896
55.99750194900697
57.64130742221249
63.762873815573116
61.2718344045213
61.881238215865324
55.23037153624791
62.84522608290638
63.52493911124236
63.013215727403576
59.6009144031018
61.891654487165525
62.39543377484982
63.10780020472962
51.17182427211705
60.092445504273904
59.512400578432775
57.83527953252856
61.4704879527019
56.988743067641224
60.66304701329977
47.50527756885277
60.495106213643965
57.89801296750038
46.394394145278
58.40389254384612
62.04522237077653
63.380405632476965
55.590079472111
61.12370090902891
61.77807224342028
44.48949048203713
58.555031533227265
54.28293219102116
60.186168147492
56.86314996967432
48.162046312859374
64.45097693844899
56.65461896495944
59.60221255600942
64.28489481777794
50.41000633040005
45.987400986059576
63.61614665804923
63.41448785231335
54.25720476714418
42.76989819494471
55.5787723889005
58.651872602389474
56.5996845110325
51.35488346016294
58.36726366049065
57.81028438229405
53.46612531602573
59.89557434390128
47.434634308325734
53.45586641937362
55.99891145249891
60.5159961515605
61.32227553295374
65.02348403634349
59.765405283988244
59.042492574471765
64.69019146916051
58.52948870254814
56.087738213161025
59.84767070793768
50.07653670240174
62.84028271542841
61.23000579477556
50.5746834623442
53.78817036347336
59.05219576970605
60.33807504306782
56.0472591767943
57.41873020784447
62.073624920807575
56.21935856680979
47.43466932134436
56.729402316500114
51.37404799662881
57.332427620020056
63.49929029297492
61.5662038952418
59.775679632320056
50.99802335670704
60.88279552155447
56.25670262272141
62.99085220407194
58.09082888086968
59.5075921020029
60.1739130798949
62.57711853568672
61.45860718717118
59.12367065508092
54.27261162149156
62.68474136106947
60.22907810652554
64.80210749871793
62.05293383631669
64.34142773918497
64.69276812260092
65.03037285407969
61.97923819784302
58.45693719550438
60.48567865386122
64.02289698302579
59.682154885554056
59.61276609955788
62.305666578171454
54.402952556547284
62.80326699544609
56.96762516547976
45.58066811400764
60.36850682756239
55.48894159040957
62.43549957670545
62.516777944423126
57.58366630048661
60.16234478079034
61.28002195078582
62.0862118619323
61.56403785721393
51.105685945618866
54.23045179955917
53.89948061857073
56.21369235536521
59.37801175815583
65.34502403256701
55.6605402488135
62.779374434063214
62.189414959833805
55.210178438321655
57.2083475663884
58.48767261874749
59.3834457300433
54.85856680336597
59.13685587676309
55.398599162190294
61.194166538183154
61.918154722025
61.38617994249637
45.61547899114004
65.63592724969692
63.472008031023826
60.167958915206384
63.63212604491116
59.06422998804324
50.643935456541215
60.58779466778639
62.001156071764704
57.87817771872106
57.55268634472286
61.61624772438215
62.68405433174573
63.885465432624315
63.947971699225505
64.26681686006681
64.44360069027128
64.05535678476998
61.73279223037102
66.96825496167803
53.52988688392105
54.002081969014114
64.08460019577394
51.07033928299923
52.51469067186989
58.76170612371006
57.12500266659645
63.26795085542124
59.09886424634049
58.893508324519885
62.498608637502045
61.02019613899529
59.33646557614122
53.05356793960855
64.68694306503916
60.24231983843026
64.02483419705226
59.032031153252916
62.5868031100552
59.882985265870765
68.12660353006129
60.05765103934601
54.934002474730164
59.730064968102766
61.92916295630357
59.72816616170764
62.21155197735438
46.70260792190655
65.87724979138801
59.31440572133083
48.827943793627185
62.338731887725785
60.71903835778366
61.09087847420237
46.586963608396886
57.774875796332964
59.76630437571263
58.370494449219464
63.89672703478155
59.10124058079934
55.96927127048272
50.47337832994146
48.44073588872365
61.908743747655805
60.598157119559104
59.06043854652243
60.13071108140239
57.579391088470274
59.98806287924084
62.879277017119
61.079187162921485
58.17843355701635
66.04298113148475
57.506114881014135
60.82368342241658
55.045443881840086
53.740521501256055
55.72571979982611
60.6954782684992
56.59496841002355
58.403246579653256
63.88415558439149
60.603946181959564
59.81054809463486
63.50835312196896
61.202449117327475
61.07780984389822
61.77627286523332
59.813942327550656
47.52341852404487
58.0578527730075
59.141185745645124
64.8713355564371
62.9327623822848
61.700026520641124
59.09295855466666
61.07742632443441
59.98836918493407
62.90587771209679
59.14437266500745
58.07462622724066
63.66695601858033
62.076090290957964
52.30649394857052
61.70404160440741
54.22724292156194
58.950720805306574
53.50465316084445
62.42245073654365
59.92808481946745
57.11931561793493
59.902938749937356
57.5165110794702
54.52550554418697
55.72308826519796
53.25103341537047
54.60674732086629
62.39536703866271
63.69853502284912
63.17614037075343
63.20969769870493
62.85313040143684
58.59696623683608
58.230676802303385
61.23188686497922
63.636229715461894
62.75605189403087
58.20618216462236
60.950169194376365
53.18952707632378
56.86399756518766
65.11127842155622
61.49697206562429
64.67718476193869
52.845202354140525
65.1148107438805
63.5171896438886
62.841318026264325
55.75354661596861
60.93200795956258
63.76655452041688
57.162801702761755
51.785354746029874
47.73634584222293
58.3969208622906
67.3734536926766
64.75973894484565
54.72687755929634
65.35498758454578
62.98632535065887
58.48178499530904
59.61623197900735
59.23142715115601
57.810097534660315
64.11499060864871
58.62072863047027
56.89604715714684
55.01156675982748
57.54405334637491
57.32964967332237
47.82166405761625
65.67454493043043
61.08782194030943
53.200373800863225
63.17565448662607
54.21377756699143
60.95939645144814
69.44749722199103
55.323908822011845
57.35428131903686
58.545348475481724
56.91303559039062
67.3904365883828
59.226571002301974
65.18829708813463
43.35554600215299
63.866277063984285
63.22195803567305
60.815106726426464
63.91399222292486
51.439588193219976
55.884821921709346
56.75301118587262
60.306973546477465
61.628397827681674
61.971374347229954
60.66765492762067
51.54812801296397
57.5129892352213
63.0168683894983
52.64655147934804
64.23889436556091
54.058695237136476
58.21479959303148
54.90491524815495
58.37977118955366
63.291080630643684
56.59848700628194
59.12596789821653
57.23644489554278
61.62395237103592
64.00079799639583
62.73293830517315
58.253552085471945
54.758337141790406
55.13265841414686
60.91690020277257
42.2195722774478
62.9118518084549
60.144645514768136
60.95323558649614
58.85721469149884
59.801252767198434
61.392676696067525
57.56852075811341
59.221927472472935
42.318935014217686
63.56592454245565
59.96735347578813
57.68943983079196
57.503518877405014
59.540598068835536
59.880301474554656
55.730161698795904
58.68211488376561
60.29225841596849
60.10861989968615
54.58973444354238
51.78270352193177
45.4790210740242
60.056368820579934
60.622240915301234
60.741221254641104
63.021660108844785
58.078210942594445
62.84906128929474
62.30987310228996
63.183572892843465
61.119497040053766
59.34514420407928
56.888309081412245
61.45009174493354
56.34173270578116
53.38501650758615
50.21576840506213
54.099416085048205
53.51848139238178
56.11506605352651
62.37752995240285
58.12467457498958
60.033230314653274
58.16055811380208
57.63929807257219
60.913534871079335
58.26828937025628
56.67167526021892
57.51096542759865
61.00852406235303
59.46635054934962
60.167237077458495
60.07156131876119
60.887439131558736
53.370077548258934
57.3340828644575
55.3359439413729
56.95855492617919
60.29280700823004
53.09027988283488
62.06365290358738
59.07154445869394
58.044140620732264
52.39936097218903
59.264432111740064
61.42896140803286
61.605581252167184
55.11048053728862
61.18200583909655
60.40748019670271
62.49972017854107
58.52417717243508
54.64089045861595
57.013921855828315
52.750647215507705
53.94537089296048
60.85224158216121
57.695962542184766
59.41888109162776
46.32322903015158
52.48437582752224
60.309293985733426
58.833372350615704
59.45292171106303
60.03372613343395
51.36058267402841
56.00704034773863
55.14309873975819
56.48769914366865
58.86034669072099
60.97081797976707
56.867792864599316
56.233037519387096
61.94927996535178
48.73051893755947
48.24057685448642
56.666301357281
58.557064411405165
57.90070740199233
58.67670993719136
58.25104819178936
52.41576970295263
58.672112614667014
59.11799206307195
58.34136703070663
60.207759299683275
58.91706725354804
58.097538015093576
55.673535190303326
58.92696445557458
60.12063997383105
58.94467574795343
52.191325947596106
56.30037313306473
56.30612878845912
59.90820176056972
52.53258649029195
60.79201683645494
53.34080349310527
53.02719179031028
59.48053921180498
56.24493979630994
58.33090555353196
50.24721078463027
57.50633779563343
53.44425339612009
59.81584770222202
55.94693633956246
56.53073530206099
55.303366627818924
55.953410651490515
57.075319208638994
62.306022759299665
58.80064512457119
60.461846854143396
58.271447582700084
58.031800958407075
61.03203175111837
57.743398003494036
57.44364079193141
55.69399507086095
58.80822521494455
59.75982747355822
57.676136425088075
56.49386726407039
57.27420261175561
57.68317298674239
58.463142838274884
57.59422429840061
57.800630441611034
57.24701512734462
59.07301073017234
55.66040168998332
56.151953371564375
59.888362448083484
56.31928838020707
61.148241384227326
59.530211120463676
53.68796925163484
59.19956048799036
58.422021272508935
56.07145286915273
62.3155848987414
40.06243960662906
52.52680734750093
40.06243960662773
62.315584898741356
56.07145286915297
58.42202127250885
59.19956048799029
53.68796925163477
59.530211120463704
61.1482413842274
56.319288380207226
59.88836244808348
56.15195337156553
55.66040168998332
59.073010730172584
57.24701512734456
57.80063044161126
57.59422429840058
58.46314283827509
57.68317298674255
57.274202611755655
56.49386726407029
57.67613642508802
59.759827473558275
58.80822521494466
55.69399507086098
57.44364079193116
57.74339800349396
61.03203175111841
58.03180095840727
58.271447582700006
60.461846854143516
58.80064512457143
62.306022759299694
57.075319208639
55.95341065149036
55.30336662781805
56.530735302060904
55.94693633956189
59.81584770222213
53.444253396119976
57.50633779563348
50.24721078462993
58.33090555353191
56.24493979630985
59.480539211804945
53.0271917903103
53.34080349310539
60.792016836455105
52.532586490291855
59.90820176056998
56.306128788459056
56.30037313306485
52.191325947595644
58.94467574795342
60.12063997383096
58.92696445557454
55.67353519030337
58.097538015093576
58.917067253548
60.20775929968323
58.34136703070659
59.1179920630716
58.67211261466707
52.4157697029528
58.25104819178936
58.67670993719148
57.9007074019923
58.557064411405044
56.66630135728106
48.24057685448683
48.730518937559424
61.949279965351636
56.23303751938696
56.86779286459925
60.97081797976714
58.86034669072104
56.48769914366831
55.14309873975832
56.007040347738624
51.36058267402844
60.03372613343403
59.4529217110629
58.833372350615306
60.30929398573327
52.48437582752156
46.32322903015936
59.41888109162707
57.69596254218505
60.85224158216135
53.9453708929606
52.75064721550778
57.01392185582809
54.64089045861566
58.52417717243553
62.49972017854102
60.40748019670268
61.18200583909658
55.11048053728841
61.60558125216697
61.42896140803268
59.26443211174199
52.399360972189754
58.04414062073142
59.07154445869392
62.06365290358734
53.09027988283481
60.29280700822996
56.95855492618132
55.335943941373074
57.33408286445751
53.37007754825878
60.88743913155865
60.071561318761084
60.16723707745836
59.466350549349684
61.00852406235302
57.51096542759851
56.671675260219075
58.26828937025639
60.913534871079335
57.63929807257193
58.16055811380185
60.03323031465329
58.1246745749897
62.37752995240296
56.11506605352649
53.5184813923819
54.09941608504809
50.215768405062
53.385016507586144
56.34173270578107
61.45009174493359
56.8883090814122
59.34514420408034
61.1194970400538
63.183572892843486
62.309873102289956
62.849061289294795
58.07821094259423
63.021660108844834
60.74122125464118
60.62224091530123
60.05636882057995
45.47902107402392
51.78270352193194
54.58973444354256
60.10861989968605
60.29225841596846
58.68211488376566
55.730161698795996
59.880301474554756
59.5405980688356
57.50351887740525
57.68943983079188
59.967353475788116
63.565924542455726
42.31893501421779
59.22192747247265
57.568520758113465
61.39267669606766
59.801252767198456
58.857214691498754
60.95323558649608
60.14464551476816
62.91185180845507
42.219572277447206
60.916900202772545
55.13265841414672
54.75833714179033
58.25355208547168
62.732938305173136
64.00079799639583
61.62395237103594
57.236444895542476
59.12596789821656
56.59848700628202
63.291080630643734
58.37977118955389
54.904915248155
58.214799593031465
54.05869523713638
64.23889436556075
52.64655147934738
63.01686838949833
57.51298923522144
51.548128012963275
60.66765492762079
61.97137434722982
61.62839782768153
60.30697354647725
56.75301118587267
55.884821921708934
51.43958819321973
63.91399222292475
60.81510672642651
63.22195803567301
63.8662770639844
43.35554600215306
65.18829708813459
59.22657100230211
67.39043658838285
56.913035590390834
58.54534847548194
57.35428131903623
55.3239088220118
69.44749722199083
60.95939645144825
54.21377756699098
63.1756544866261
53.20037380086362
61.08782194030927
65.67454493043041
47.82166405761628
57.32964967332258
57.54405334637476
55.0115667598279
56.896047157146725
58.620728630470744
64.11499060864875
57.81009753466022
59.23142715115617
59.616231979007225
58.48178499530896
62.98632535065896
65.35498758454577
54.72687755929628
64.7597389448457
67.37345369267643
58.3969208622908
47.736345842222605
51.785354746029896
57.16280170276175
63.766554520416875
60.93200795956274
55.75354661596837
62.84131802626423
63.51718964388865
65.1148107438806
52.84520235414039
64.6771847619387
61.49697206562438
65.11127842155628
56.86399756518754
53.18952707632394
60.950169194376365
58.20618216462239
62.756051894030705
63.63622971546192
61.231886864979124
58.23067680230315
58.59696623683607
62.853130401436594
63.20969769870491
63.17614037075353
63.698535022849114
62.39536703866277
54.60674732086631
53.25103341537097
55.723088265197816
54.52550554418685
57.51651107947032
59.90293874993746
57.11931561793493
59.9280848194673
62.422450736543595
53.50465316084461
58.95072080530656
54.22724292156171
61.70404160440762
52.30649394857054
62.07609029095806
63.66695601858038
58.07462622724081
59.144372665007495
62.9058777120967
59.988369184933894
61.077426324434356
59.09295855466606
61.700026520641266
62.932762382284785
64.87133555643707
59.141185745645146
58.05785277300785
47.523418524046036
59.81394232755071
61.77627286523321
61.077809843898194
61.2024491173273
63.508353121968966
59.81054809463487
60.6039461819595
63.88415558439176
58.403246579653604
56.59496841002323
60.69547826849923
55.72571979982651
53.740521501255444
55.0454438818402
60.82368342241675
57.50611488101648
66.04298113148478
58.1784335570163
61.079187162921464
62.879277017119065
59.988062879240815
57.579391088470366
60.130711081402296
59.06043854652246
60.598157119559076
61.90874374765576
48.44073588872359
50.47337832994084
55.96927127048268
59.10124058079924
63.896727034781506
58.37049444921937
59.766304375712494
57.77487579633298
46.58696360839667
61.09087847420226
60.71903835778364
62.33873188772577
48.827943793627014
59.31440572133064
65.87724979138801
46.7026079219073
62.21155197735421
59.728166161707705
61.92916295630356
59.7300649681026
54.93400247473026
60.057651039345956
68.12660353006125
59.882985265870836
62.586803110055214
59.03203115325317
64.02483419705221
60.24231983843048
64.68694306503913
53.053567939608655
59.33646557614162
61.020196138995225
62.498608637501995
58.893508324519985
59.098864246340526
63.26795085542127
57.12500266659654
58.761706123710056
52.514690671869644
51.07033928299934
64.08460019577392
54.002081969014135
53.52988688392087
66.96825496167807
61.732792230371025
64.05535678477003
64.44360069027135
64.26681686006683
63.947971699225576
63.88546543262429
62.68405433174572
61.61624772438215
57.552686344723014
57.878177718721034
62.001156071764754
60.58779466778639
50.64393545654173
59.064229988043415
63.63212604491126
60.167958915206505
63.47200803102389
65.63592724969706
45.615478991140066
61.38617994249658
61.918154722024994
61.19416653818317
55.39859916219031
59.13685587676312
54.85856680336589
59.38344573004333
58.487672618747524
57.208347566388404
55.210178438321556
62.18941495983379
62.77937443406326
55.66054024881364
65.345024032567
59.37801175815587
56.21369235536537
53.89948061857059
54.23045179955913
51.10568594561862
61.56403785721391
62.086211861932426
61.2800219507858
60.162344780790974
57.58366630048652
62.516777944423026
62.435499576705354
55.488941590409354
60.36850682756238
45.58066811400749
56.96762516547999
62.80326699544605
54.40295255654717
62.305666578171504
59.61276609955796
59.6821548855541
64.0228969830258
60.48567865386113
58.45693719550435
61.97923819784302
65.03037285407967
64.6927681226009
64.34142773918492
62.05293383631674
64.80210749871793
60.22907810652559
62.68474136106953
54.27261162149166
59.12367065508084
61.4586071871711
62.5771185356868
60.17391307989492
59.50759210200311
58.09082888086992
62.990852204072006
56.25670262272142
60.8827955215545
50.99802335670729
59.775679632320085
61.5662038952418
63.49929029297496
57.332427620020056
51.37404799662849
56.7294023165
47.43466932134475
56.2193585668098
62.073624920807625
57.41873020784433
56.04725917679428
60.338075043067725
59.05219576970596
53.78817036347372
50.57468346234421
61.23000579477552
62.840282715428444
50.07653670240175
59.84767070793772
56.08773821316092
58.52948870254814
64.69019146916052
59.0424925744718
59.76540528398823
65.02348403634348
61.32227553295375
60.51599615156053
55.99891145249893
53.455866419373635
47.43463430832567
59.89557434390133
53.466125316025824
57.81028438229398
58.367263660490636
51.35488346016295
56.5996845110321
58.65187260238942
55.578772388900745
42.769898194944275
54.257204767148544
63.41448785231337
63.61614665804911
45.98740098605962
50.410006330399575
64.28489481777797
59.602212556009505
56.65461896495924
64.45097693844889
48.162046312859815
56.86314996967414
60.186168147492
54.28293219102119
58.55503153322723
44.4894904820389
61.77807224342058
61.12370090902893
55.59007947211124
63.38040563247685
62.045222370776514
58.40389254384615
46.39439414527678
57.898012967499554
60.49510621364376
47.505277568853245
60.66304701329969
56.98874306764122
61.47048795270189
57.83527953252833
59.5124005784329
60.09244550427383
51.17182427211702
63.107800204729685
62.395433774849785
61.89165448716551
59.600914403101896
63.01321572740349
63.524939111242375
62.84522608290648
55.23037153624819
61.8812382158653
61.27183440452129
63.762873815573116
57.64130742221258
55.99750194900699
59.415525644261
62.61827437444982
58.449821161486135
65.47292600127278
60.70226598097136
63.92693055671259
54.29537084168078
57.04405484251509
65.11352101277298
55.55439520434072
62.620919806708514
56.38775568537373
67.47210021688757
54.084537131179474
59.92622180322279
63.09318663425628
58.106329883416834
55.6329457987738
59.818617560232006
57.93277992410391
56.356642797276166
59.94100094819132
51.23464151784987
64.2161428699811
63.84289372717567
54.34121570103664
63.00732342970609
66.23764951111653
61.24449378240448
61.765492809606
60.81131221941621
60.30789992417705
62.63892929452624
59.783311999269635
62.13324405722009
61.89250708438799
52.29136468689565
55.0038911273094
58.631288874201815
62.39200947602028
62.979944998413885
67.49113321697027
64.28156167746232
47.80164968062694
58.9103675133743
57.9377341943931
59.789644531607365
56.695449214222364
62.04453543859814
59.00442198267649
65.10417464791998
59.495669506364706
63.74110726602564
62.78776867550026
54.56876889313827
59.012833359589266
51.23349704512333
60.52150239118443
55.94507340770329
53.87286689773164
52.044796734615524
62.56460671598496
59.23774600865629
62.408780493434016
53.41607672239967
52.75799771862431
59.13320321791211
58.75722378601721
55.863739722571815
56.8214724470739
64.00187161972866
64.86351949704047
63.51451994204814
62.13164529818644
63.42730537178197
54.89947879070823
49.39474861293725
64.00679473720089
61.96716602573571
54.94683886820071
58.7647118487051
60.411246172726614
56.72114506323933
59.69650150772799
50.86441747431002
53.641425011311256
57.820138397869
60.88890853108305
52.282408727075264
58.954024969333986
54.497062389344705
66.45637513768484
60.29689636438068
52.88877583498001
60.851905918011795
57.55943912615721
57.56871347816605
64.04407131414963
64.75823815429942
59.77360848860931
56.48566817341272
43.010878569022935
54.76105086850565
57.86131336365122
61.32840207083624
64.09699129927081
60.100914078528135
44.89019253558921
59.479576940905545
62.47981678716157
55.471802265694585
59.60332323562533
60.341264862949984
58.67937390780809
60.58908252109206
58.04547903013591
51.355474087886186
60.54806766040299
53.789236313511026
52.90697042432227
61.00395172305336
58.72791186605981
59.275752543830215
59.649647626852456
60.6771368086135
61.454705599681574
57.72280793253245
57.72219063139363
58.518437628762925
58.939515443155706
62.2358694060938
58.04736455331715
57.50847109477765
62.84671310451512
61.1546554484363
62.30735484812268
65.405720484346
63.275467100826326
59.22593432002908
58.8331054534341
58.60042877836947
65.35604176090361
61.872936119299304
58.546291387530744
65.41969892246742
55.44511773846266
64.93951586810232
58.28989077154891
59.524887139979505
60.90528526214883
62.77369593615393
60.66208179220463
55.07930232603595
59.754407207800675
62.9587198531086
58.26899147081862
59.197088585428176
58.254271427907
63.77098819837364
57.34968481720128
66.98406015647146
62.59012897061524
64.2718596580041
66.24797803774075
50.9100359807187
57.75760889317867
50.618915009908335
59.09014316796078
56.90384251918588
57.96497159867042
60.924284060894124
60.24605129391465
49.66809121408666
51.73783186065271
59.44449029370537
61.37107818222222
61.01756433769431
58.408101441213205
65.03598478620108
56.78778744759286
57.41204786233146
57.10869572050011
60.225651800031955
62.90516809576509
50.047660515631655
58.10822073775338
63.04339676257364
64.15089616446659
61.93017141495674
63.151284332861024
55.12572724759323
61.12744810885481
56.1829810005775
60.80409855024365
58.79050181349537
61.73409029386404
59.418795495769416
61.07346173142912
62.810241565565974
64.51793828538507
60.08655885513483
54.99845217723397
63.40667517018077
58.1056195303454
62.707599646629355
62.69749730312219
51.29276915931719
61.37065578103224
63.439238073293595
58.9955952391247
59.23132302515478
48.6787689341693
46.86435912155295
58.387422611717454
58.46372774558989
56.72339231896058
56.805811424580234
61.69701534434223
60.01017585675554
58.391567953751505
48.63385949440517
56.839439768816916
62.222648356492776
51.73016108977467
60.62290072018905
60.22065999652674
59.66519967680705
52.49203839425018
59.9006694149019
66.28767367715538
65.15211078358308
60.68999549595654
62.50886531699082
63.443430199328816
60.13057611239981
58.07429917276625
66.99342556731538
62.6025911682931
66.0472573598548
61.531281999189716
64.43368328488057
59.55973282957433
46.12734294644607
62.64267774807835
58.95795428077292
60.64414072623463
48.3448731850308
62.606246508823276
56.11557289456785
50.4468931732294
59.63449126988128
66.99493052634986
57.27082205258874
60.19243856088228
61.27670341480431
50.127290109185296
61.22014414684318
59.35186532645025
55.26795429582441
65.83071271112091
63.785166401268995
53.36949960368993
62.712218847832716
59.94371847184921
67.02941702962106
63.86282007353308
61.26652035945235
55.291342994859875
61.27175535921458
65.51986162381735
61.47948151282716
58.89548158825545
51.358446216995056
64.13390181978971
57.22156533568778
60.28426160006841
61.88394557815368
63.020600065701956
69.40635801829836
61.4324508155892
54.23725316113858
58.69880760117019
54.451816060873035
56.60107818576851
60.344532673927716
61.43937199194681
61.084050088295584
63.165034423987805
57.712485273199626
59.587514751371714
63.1664414852267
63.75965525956995
63.24065764725485
56.8848038100343
67.52721582946157
58.260141161692346
64.73037962019075
54.422185226895124
48.05470735592144
64.10337955763242
64.73233620637733
63.312106348200174
57.55379893009081
56.08342928860004
57.082428523321916
62.663856707517034
58.02575105126168
50.15387717168943
61.986820822421066
57.11132059473891
55.62036666397408
60.82844259141786
61.06852344627448
62.6533105519441
57.63731153504274
54.630032984330995
60.787730068219574
60.48344020814725
47.18938557884041
62.67644899886762
51.38091605829145
64.13527187769186
60.51752434657484
63.0358746069186
63.224885361004375
60.863081484253286
60.05118735367125
63.43861921440313
59.453776728408
59.944036299373224
62.092299563086335
62.979640079487865
46.18585970499839
62.964686424752614
65.13400036401595
60.43843309095255
61.36508945135648
63.88577837317154
65.35323755308879
61.69812140063824
57.40496963436659
55.03051432549205
58.36817900183112
58.42974657223478
58.47783542155459
59.989294895612076
58.425542717629796
56.28802340256528
57.24830158388225
63.59169369447357
62.26203972867417
40.50270864428395
59.89908404081021
63.289672006428155
64.70905347165014
60.14197413766315
65.83377815377983
59.40846754802721
61.74618246325166
60.13481471072016
59.1805342878079
55.78685297727279
62.45326627209836
61.69189485619689
65.49633803053719
62.275627907326324
52.51825441635791
57.621155901088514
62.28561649367944
57.55569542781731
64.62383518499286
63.6422823803578
60.147790940904855
58.0579706263684
61.948091727913095
57.38810935048836
64.69724248417509
62.20583334667583
61.17365976395406
63.01303202580741
52.29052815145092
64.89545960878685
58.15178158908552
60.56529433502935
53.468991876791485
59.30970840912547
65.15800564544108
58.602479951270425
63.56712763065868
61.339917391728235
65.54039136649203
62.35442029897374
53.82828872186441
58.38070816783711
64.02800545294447
59.55584587696919
54.97290624415945
60.88502179763503
38.25351803739457
58.1849003819513
59.0379266937941
62.84565122858753
49.50322699541779
64.13024099427729
57.47340617232017
54.76866571150133
64.36962878417219
52.23671965205185
60.833611466632604
61.52299807894819
52.98095315326867
60.7499592223982
64.72014840449043
57.262095335092866
58.15561984126224
56.90645870293116
57.11611290546328
63.00461307904345
60.262126562904285
63.855968096580334
59.59861089701016
62.64301475008705
69.32415670733629
63.62280685292318
65.35530219811217
58.22403819485838
59.22609482403408
57.128354677874505
62.772796469595534
61.36181993131103
66.0571366210979
43.25763781541337
57.07428724710418
63.957161135875495
61.10552539049951
68.46070594189709
59.711249095800085
55.84560083451227
60.150567422083306
57.171994483768884
58.61643832323991
63.647668602672326
53.25888070388568
62.17598313961098
66.97342935326898
62.866118761024566
65.0620416841619
64.3808943643454
64.5786913312644
61.68210653471629
64.8686101158271
53.58726031203904
66.64725538349222
61.42474261264341
64.88880220356911
60.58299882214889
58.67220041395757
58.23086493669991
62.712169926336045
57.91591896034997
62.886120422347204
61.95084548645576
57.73678511646972
57.70510093249523
51.639554423130456
61.39560039588105
59.21594506019798
62.324414965369186
52.76335935868143
54.95159839523233
65.35093045212889
60.62458287974037
63.76226922585704
61.906601239768946
63.502319901880206
63.16439689137664
57.74875794894616
64.64515752479873
56.44903860548199
61.88179411620577
62.43340170891061
64.80537390132162
72.27744231436841
61.61097572093115
62.983280763752994
68.59867067607652
66.2687516050414
59.013189090923284
62.01104927005999
60.66022469793138
51.218287773160505
60.007736592203464
63.0298205103746
65.10418314524051
69.09424944934241
59.78003704153129
62.35796805608313
65.93912768451378
61.12736307962852
63.16217615650916
61.1813878149783
56.75576199508616
62.674440250696975
55.75578451683899
65.94971831930727
61.295037364190335
71.54492096655254
60.692116377331686
66.56221066863151
56.05612560362459
54.6045001475056
60.25664830474204
62.053588657052885
62.33311763007801
58.07193849531348
62.75887088766111
62.89986924418407
61.820466175174396
62.92702940077124
63.41054130002031
55.81829867985174
63.66297867851952
63.14614548132102
65.61060573375556
59.72563056493215
61.82013851824471
63.3508554297918
62.27221027500665
58.284673316947746
57.339847791489014
66.76654777425883
67.87898619416
62.162866493017916
64.22016051230686
55.445047540667105
58.178650217502934
62.22541519160134
64.46083367679775
63.9503449314833
64.69206781571953
55.160511678460495
63.587577502351955
68.19113688385414
63.170870546466745
62.74628634022858
57.61425205127472
61.97943625974056
60.200483095536576
65.44234942247122
61.33076449173903
61.799808334552786
65.3631857635168
51.784667390740324
65.35634038093465
65.78506441600895
62.70500503493543
60.605647247772964
58.82328754869487
62.61420962774605
54.746808694155575
64.39158717828306
64.02456307010654
62.47761033394521
60.257662026306875
64.31999192295801
58.27727421400933
60.17692800667927
61.44642402644901
55.999128688776345
63.59016756757207
61.85317073046899
61.69744598716129
64.4487770184281
56.95875187974413
66.32399149448992
66.10944752009611
48.883700103178576
58.6238573270332
65.98068443332915
63.033507088210484
63.62666279024835
66.68618836247656
59.30625297176756
67.6734550803921
67.78869370519763
66.21624012060076
46.75951387266756
55.34996973300814
54.924856830511786
48.678223960258684
66.0827255677891
66.40761190133624
66.59847734761198
65.91152400463778
62.77487194074137
57.98235682659819
67.00322556555881
70.09963807663442
63.77212945985338
64.72699300129986
62.21564394389223
70.69833562029746
70.49155899373582
67.35516194985378
69.27464399752833
59.300833924776086
60.17727525780466
71.00663403870718
64.29790362505396
65.61973015235395
63.03906039162485
62.78926682189348
70.48500799943672
63.697091444238026
65.23617380820308
64.31356212822008
69.60966994243448
63.866772015737716
63.35366134687166
65.87833958169513
68.74203722017239
35.232670654377294
35.84629888328222
70.49069853099267
45.412971344693254
51.19520211582051
71.68332648441992
60.34797120426567
70.73474396348294
65.99731521892105
63.250610726717
66.90870338471146
69.92776366186837
69.38407126589706
57.7308086972813
61.5601430554558
57.99850684970114
56.96226459532546
63.32410012101675
67.51404643291157
62.47716950431304
62.5653482234842
61.44630070872785
73.10002403983201
69.67767212276
69.22720262166632
66.52136677147256
57.335897634058156
70.20197713162717
58.59815484523025
69.53236223165928
65.69819790939951
68.78338330703853
62.784347145676655
62.82295552567433
60.55003236319482
69.50012559916713
61.713488111789296
68.39051749309314
54.31404133690825
68.02451718272287
57.9320279831028
53.36413442878984
61.9956475029343
60.88813677934721
62.643760573990086
62.541850779153265
68.43872044373678
65.69986232992787
58.460074843781214
67.92563187144866
57.052753015957975
68.43028483549539
60.817669682789415
68.61718943413238
62.85143669117929
70.35509371338071
65.01105088696667
73.88628832730889
66.81964451664855
66.82124409954932
62.33847897417125
48.800633272318976
70.26488886995804
59.73703624356146
67.57611714643657
70.81957663840255
65.44686086528573
67.90817693351067
68.78931238576384
64.25568757017291
58.31188085778231
67.58986610433973
71.52802135718747
66.42716945650156
65.34039642602124
68.01066531598647
59.00570057518033
78.97043308353011
67.26071234971818
55.15637087194154
76.06747894534281
71.12388050342899
68.75478218598049
66.82998295167742
57.99569476435657
67.04639920420944
64.76083168621633
62.13702971662219
54.87465876910954
65.46476731687561
66.49446866530192
71.117805905992
66.13834511347609
67.78224656344929
72.42182222275865
85.64412304807702
73.26569912690712
55.65774351639607
64.49827504239967
61.36498148023651
60.9140453646979
68.23201635883703
70.88495273201276
56.982139518527745
64.00498981935374
58.751450924529074
64.50929134643178
72.55470180004451
67.32915868981527
71.03870894300306
71.59415028772982
65.1634579606389
70.72708593469689
69.97126484566417
67.01113453640396
64.32423416841829
60.911128023168544
70.46588000324826
71.41418662785107
70.33821110600277
59.96735453451005
67.44333826965513
64.5211474674684
69.9551813467256
72.71511340825751
69.21512895018728
75.07759736110755
67.05488793081344
61.052341898606954
62.886759738995735
67.95788816024276
63.852923346827346
72.39756054356339
75.5249769684208
75.23532576214798
68.86559669807366
63.78795234133622
71.68853750886302
75.38928393442887
75.61395666139923
72.34423823377568
66.07863049793507
54.68157382379243
62.81669933516868
50.02271199386615
52.919078360866564
65.99894982498284
70.47743413930594
68.77204582776734
63.38552800922936
48.500682254190586
64.25311723661753
67.88286256043003
71.59081187994268
66.21389055878393
69.82004593582245
56.506256143910264
53.339244892839226
65.53862250119698
60.25681537130953
66.04690183269089
57.29043951933855
70.81113105015083
69.9033371726806
68.6113314911621
56.423409584956026
61.174668402125754
70.94485506973894
70.9404153242028
58.28275544627913
65.77666311203535
66.57413210388845
51.607280998544766
65.03233624035542
64.96544362976307
67.2197808685484
71.18201593139122
72.82568551517157
62.197637358074395
40.42893166903493
63.52943545716993
63.18713546980394
67.70749008509245
71.54258058086663
64.956668120179
56.276818095350094
67.89909039883959
66.95842776630354
71.3153602168879
65.0686446319263
61.77171911117269
63.45963531103324
61.581219767743264
61.358545423451304
69.236864624199
68.61079989830819
64.50509586984194
68.13564165016699
69.520063177601
58.38015934561639
62.882714344129404
51.38012998456653
58.41663686326147
60.99593306846447
56.85057413590991
62.97420188167001
55.591706251894315
63.10367031802546
64.92328526055383
56.90729089466253
67.58692369206139
61.95853518954869
66.62736268782834
65.10017505630364
57.86727539071205
51.92755124748117
62.446772651898684
51.9354007163081
62.400333813451
63.12710485988533
60.49241616896025
57.61504580417002
58.195548354059596
60.540305667120734
66.91674144671408
60.23798000359151
64.58928920787677
58.45692962988161
60.453622152500856
64.88827588281822
62.91001489222723
64.04247077501137
62.73315433306466
63.508001878323924
64.1213159206582
68.41698037408456
61.57142533140244
63.564688074356596
63.37078674155177
71.4993768809194
62.75456092678838
68.10345793431799
67.00363414353636
61.69830854688808
55.90663125661976
61.84153388547241
60.70652926216656
55.54470301739287
61.68120148890254
56.53799099646754
53.8290142338693
57.54145687392143
55.37577095990949
57.60521392541207
60.18530888969258
61.896673947543064
61.47704697841134
58.558341768897876
66.67837440051527
67.67396425938668
60.42455249062943
60.81038986827374
56.68348518008938
65.36334615628019
36.49061374470327
61.62798442501429
54.998628833305816
63.16368557883245
57.23019110890094
64.85446128298653
64.93064277896514
69.0499857085507
66.18223689354826
69.43937113788886
60.320664894538524
60.60006411611492
62.26790459734915
71.75578092837667
61.66532100183683
58.6929659443269
63.29420068482709
54.775889609996455
65.2341507413704
62.6935879336793
63.93735550298297
61.853660411200046
56.99596360136467
63.91896735343471
63.231953923278034
54.529402213487295
68.02012978126943
66.64396079686993
65.81823238511483
66.21828748254616
65.80878555522224
65.4050453446017
67.77665329086886
69.53189146795606
66.5149220227805
60.80262066417812
63.53636467960503
69.00973070387766
60.747101061401125
69.9131143852989
67.52760479204048
62.976714876419024
63.43878873900398
62.240528102432776
64.18287211735658
38.80181436205536
63.506648935758186
69.63986904386995
59.73217328910928
63.47338743141532
66.74302087243723
61.01026486964159
59.76090251075241
70.88809846597408
62.89295457907165
53.416444923167276
52.3581085138979
56.29483392908337
61.326313548634914
70.0984852576158
67.15765709506621
67.48915952326371
60.27953008201706
63.096150441764756
59.719974711773496
55.87216375879361
62.35679612371217
62.01376016074717
66.36113298429709
63.33957016445949
64.29602090307917
54.980044789419665
54.82106260450952
62.966332125155716
63.4667888372531
54.64481750714012
65.225504571034
60.4350631995873
56.43581386708016
70.47726050581166
65.47863311819839
62.639821949826946
66.08418953388436
53.96054793476623
67.04516811344708
66.54592755016122
61.00102536696073
62.84426228706095
71.30180103067916
66.45836193614299
70.73969528674313
70.5117223431778
67.04402495343973
45.91905935702468
72.1344607589429
66.79597167375158
63.058263290577926
66.09582423344864
67.45802826107638
65.04586824337298
61.826557618739606
57.365607385896155
54.63370059343877
62.956920948247735
73.10129644212233
68.10641606284524
57.804717648292566
67.10789404546533
59.43520460227994
70.78758683111914
70.42048418726498
65.20003137447007
69.178636044819
70.97490419395908
70.50228663787794
67.49703986938877
68.27610138776939
73.22879888702316
69.77054149877974
71.7644180338313
61.541506124945315
72.35084893536973
71.25670920569044
72.42520592406392
61.26256485228281
73.50597435533486
64.31427240297907
64.67202307000284
72.00620439880298
71.27550707304455
65.02657214966865
73.30845488095535
72.23274147490324
65.5721806198691
71.97372946378819
67.21916549597502
64.5687917386647
68.62429294062247
72.56645562124558
75.84014132213588
70.08267552014553
66.82563823409949
68.37567118724354
70.47316049245687
72.45971060546907
70.77725211805691
54.6168495173297
65.11943284366941
72.5315286759661
67.64239866460058
70.54902146663977
48.6676056021808
62.30221971503521
65.89605766825115
58.15955757445403
68.48808167970137
67.83746114587898
73.89119282744778
75.67043539043902
73.03941751548804
65.87006211193216
69.59306727197138
69.84972381212019
66.51389896174281
67.01928291295286
60.13096697440854
71.76419333996398
69.47721302331958
74.51811598286369
74.10043278994291
76.41921849961523
76.25004257801982
75.43252522266938
82.68881012023616
78.62193157461246
76.30462012705263
72.09041500115289
71.08242406580901
66.2875879414202
71.47942493380566
69.45603745429604
55.81722565039736
67.21300672085465
68.63775816028895
44.50909508275032
62.622373606043695
58.578115419498495
70.35985402705515
77.20710683793862
78.09467320850327
66.56343351294828
70.25255242917977
72.38188641504935
69.34299845564755
64.67340245511221
74.13027520471964
82.02686499711879
67.27504114315369
60.05522799076875
74.90428530461496
71.00721979608788
68.90008830385624
67.83299527388824
69.56855095295427
71.71362909080692
63.93937134694151
69.03406659738059
57.30055454903556
65.28956099666573
75.46088630701894
80.74448602500601
93.40787848454731
77.73232024903888
78.17569423011761
73.68229881761178
72.82390871184738
74.71375735223732
74.19685186784895
61.57255855748804
72.12036724010629
79.90180669657815
75.62640872431406
81.19481597958789
80.92058512728335
87.11687478809962
95.80221995109106
102.74056619979177
88.76026165908009
90.81662933240696
61.81048689424575
83.7426707938124
78.11252056293709
83.2725448018964
81.52342380905253
78.2047672413274
79.22458310833686
74.02577061453088
73.94313795819888
67.10836255951071
75.45142779228966
86.06664801042459
96.47066600925484
87.55811695114552
79.11945692918192
86.08864985224066
81.7976890434821
84.30227802687739
75.2834545620981
81.22518063237514
77.04328609218064
77.60675193019134
80.44107416713699
82.18054982947079
83.66741224082406
81.03720568531321
76.0587802589067
68.2106293509763
76.00698212637514
77.57647086053399
76.4559772892851
76.92572429475875
79.75144349901993
79.1621437660591
73.63895391517973
74.66906782309631
74.73342400907323
64.49355636665885
77.41888498044074
71.08190446426323
76.86301722686635
71.65240844116828
75.74617535144819
76.7941922461826
77.20780982660195
80.64471340124402
76.47597877781175
75.5991396871376
79.49805658736295
75.14245675750183
75.83531793776055
73.62743274487003
74.86428782693115
72.29067407999918
73.00339366018616
76.7563502181075
78.84312201989029
73.16628880642395
74.23672851477872
72.7666569848976
77.68176433951594
79.21258383181575
84.86520094904394
82.700542685224
81.09570235313699
79.97493137722472
81.18373278993765
82.770266578452
74.34926223670075
76.56250049982141
79.06017099527581
82.74959500154611
79.19680861480242
79.11545436196903
71.3677000647189
74.80620647371434
78.84396073509097
82.64903549051087
82.83836380952437
72.32757448959634
71.34386471351529
80.04425018602596
76.97924002424634
78.99720381128205
79.87817761752916
81.78485034300672
85.28939144463021
81.25999895352595
81.08809231476732
77.01584487079025
73.24142694098231
61.28696832264537
76.25941705945108
77.06868823164955
79.34111402587253
76.00028921072953
75.51539342505554
76.59635142175227
78.52561910492791
78.00803809808268
75.26158107530351
76.83394237149301
74.12552622403113
78.47679121976861
78.19476522211596
75.75738977054763
78.26510237760698
71.90385859913545
69.95570778844409
73.67835978609631
74.98749655412357
78.94074248393855
69.30116993518506
78.45160634601072
76.54862150629356
73.57955822049733
75.96133572427054
78.47605660024247
80.55812967558091
77.26209238311162
76.89454641773482
77.67878516396226
64.9826906165925
72.09689450524223
75.54040357287356
75.64154666770156
78.44143294450146
80.95414006385738
76.59855164937616
75.38973774875846
69.16854882428018
75.3818155465464
78.71308946522484
78.524193513363
80.09144966637786
81.43237170323651
77.26424655344445
89.89430055844952
79.17771116645704
73.73615043423644
76.60335767433966
80.01758004826058
78.23616502435672
79.06316800451714
79.1882577697159
66.04322711430572
79.67369547106519
81.21149245724018
80.61400373582313
84.62038726577809
83.92474201283049
85.62346695612445
78.85610433364485
69.05884986124238
61.46763296082132
78.05956993284482
82.73279850724606
87.78939861490113
81.17805430151498
72.45880468973775
76.74964365286499
84.41869276983584
81.78864530913444
74.96967164921082
82.95941461746415
77.22837417026368
81.95812021184443
77.89518853608523
76.25955307433692
76.77579436311203
84.24525033896774
82.52472141153748
73.02840478254922
80.96949515416613
74.71388359036338
76.6121259889652
81.6966914260139
86.29186024266059
81.20110902500974
79.9963421606854
80.37368611362507
80.1297070443893
81.56318572914749
82.28180053559683
74.75607484159484
78.01675220354637
81.63551939280828
80.793038048433
73.04442218767969
75.3272037646788
73.93926185352336
76.01410774531404
83.05215033887124
82.03705810337541
85.48485854611147
79.32013408627553
71.80039054822893
82.90891908515229
76.42411670311903
79.68785709673297
76.4116339698311
73.24466333154898
85.2143500872708
84.47207901053093
81.74876093819643
84.37353841072246
85.68141173051907
84.39734547263461
87.59550100595058
83.89179788456077
72.8734918732424
78.78940920490953
83.94604650038183
84.08315444861009
78.75537296695276
82.13871515087692
82.06466532801065
81.91851690452444
79.69534470958615
80.58318515940486
81.56653472227026
77.67545968671337
82.56845384579785
83.06377262142155
81.65387171065937
80.31856947381384
82.49753103624394
85.97613949573852
79.31076814854117
79.73678975510077
77.10396714494838
64.4644068650808
81.89043723916828
83.58137847570818
74.04114776419544
82.69941282456782
80.92630227831002
84.34351620773433
86.37343866205245
82.28401307110772
83.18556591642945
85.02821815047908
71.69980143416373
85.46303393133498
83.37974142430068
84.4220520451684
82.8873816101381
85.62125231593454
82.13053047358088
84.04149846375088
85.56737355748231
81.80120617399612
78.46114344684653
84.60162299421022
74.70900613717026
81.09407912294223
83.86669903410679
85.06872868945453
82.57609270444502
77.01584672081366
78.85746671622533
77.90328909571815
84.30578314890424
81.4844027532523
62.7756442882138
82.13371114799594
83.3247642040598
84.03298986536997
80.18442748869937
89.45144340359988
84.76902539138831
85.94502277809468
84.23591639931087
83.81053255435474
86.4304209559139
79.73987312092268
83.14750068377808
82.59209949526797
83.49986403584066
79.58529601101297
82.25850438832664
85.95699627464609
81.78388346669239
74.82656035424577
84.73706670228701
82.1246239057639
84.47601687843132
82.92811357689683
75.22673233007022
85.7111428236386
84.69945640192338
83.63646136442546
84.43670127229362
69.33239027734716
71.68562479458829
84.2583556752212
87.72765418459892
87.87936817840246
84.87134875667303
87.30457864076287
87.30897207529124
85.03461460288855
82.78157119609392
81.89472746254464
89.43016550633274
85.1806927982932
85.38443691659042
82.40165892997692
86.64077801040072
86.7607509390036
83.66403928065692
85.96038031991193
88.5849653443355
89.78994406048838
86.3408036370396
88.46500091423482
87.81376245515703
90.44627009880271
87.2351244353625
86.08830642557777
81.97101723226857
80.66851793633198
84.22175623827883
74.9635543363958
88.44597232462175
86.52213896638231
88.33287009002586
88.1722927039105
89.71472929896315
93.10880048157605
86.88625997371994
85.87301459641554
84.89438674734839
80.07952684757348
82.94019331149265
88.39012069056227
80.51613092013469
86.607661798962
90.69238648180188
93.70893331157828
92.87189347053027
89.00920781334328
88.90301713171081
89.54518886829938
91.51206338713817
89.84924501357062
87.10997624712321
87.33580226035366
82.44169639649813
93.66448850684725
92.58352967191408
92.25198474665595
89.40776932962946
92.24197715198811
99.388853865675
87.18486470525326
89.6593335330955
96.49185060409904
97.12440374206355
97.83007893557263
97.16000589949311
101.66315829202912
98.76259992969906
79.77547071122787
98.3833395807413
100.76935567879096
102.7842108957268
83.2174662731582
102.22177281448577
100.22079740853435
104.52028770266894
107.01172201249662
103.54045401998532
103.79549286615783
109.90260437039379
92.41168590712556
110.8110409693626
132.55811330336292
115.87790525645079
112.92561075532137
105.99122032146607
105.60094447465652
103.2412694226359
101.35388563658813
99.16723916471567
96.0751217340352
97.64269656422896
96.2845633187172
101.63880379420006
107.55196157183528
109.14841927378842
117.26987173425431
124.22908890330493
107.3725236909349
114.6617586670045
111.8114322251317
104.37847805376067
97.58506296877783
92.35145908023235
104.27530509500778
102.09916781507316
104.15076291155769
92.1561497882236
83.70504424592396
93.59597164085977
99.15890074820567
105.95268846597585
100.50918286593702
100.12815439330512
103.43744071439566
88.11837055454603
95.37435111941156
102.0392280149283
97.24963775924968
99.09857124029868
87.72964465007725
101.37173810472922
92.71225788922897
94.79929527646709
105.78831831137406
104.96145823292657
99.06086574727561
96.10242347560404
95.52250090220278
99.4015185966283
98.97630526666269
99.82294610612102
104.27163259968117
96.8925312589203
99.26196405658632
93.84931181068043
91.20399575062663
94.46333349001756
89.54361652415933
95.76133207571311
93.17480849944985
96.99832214357416
97.55210009103064
99.02348620142548
94.61447622106655
106.4382916676058
108.30844938134278
107.85662950025389
105.72469273732398
105.14612277517402
105.18757799742188
100.70869059937047
98.00312582678465
103.21315322461015
100.32413849155958
102.4470174713455
102.57534205530848
95.99363754378015
94.27737308871042
87.71676899437173
98.97549756512089
89.6351308325809
95.34459762623392
96.46421571195718
107.51018779486004
103.05755476229905
108.65613470615318
102.71899998607819
101.25725027511622
110.24898833565054
107.49810508590647
106.56728004067438
104.4420325703858
96.6445506381944
109.07258997329173
97.53851086282735
103.72029423393101
106.01264248023234
98.69889125385542
110.5278830059558
106.65072072891492
97.6085594571319
108.94598957246558
106.26807563581836
110.64608502063561
101.60086203310755
102.09707677518124
100.05708916184304
96.5713819275898
106.3669636849022
106.74375441677867
91.400822020697
106.39407908669958
105.51314419384175
107.27292445448926
99.99384833999288
101.30085589688859
106.6742629227418
107.01509922009434
102.95099820667429
103.2683902145598
95.10763380977181
110.60220238708266
108.81152459848548
103.01899902735606
104.92047491728533
84.69785858424545
106.00250090665698
96.53086071004762
108.16632653571111
103.35837252551306
102.43473899540805
99.74303707468549
104.68544655971675
110.08426439481411
92.2675410392944
101.38609997526352
100.75813578991475
100.5220168884948
108.49431427376514
105.57641509899513
105.82976440777188
98.85585922542188
104.44654410706421
108.72443568212563
110.86756002531752
103.28965252989612
107.90672959937183
97.28593295601725
101.82339802950995
104.32995805841307
102.70372113405631
105.30307626779488
107.67298516828237
106.61900539713182
106.3637474981495
99.34243835995913
105.07550463660101
79.04039137544598
102.14106151741083
94.29383192169765
101.53729536414639
100.49163344428854
105.40972694252008
107.26010120278423
97.12314844254279
100.48313995955857
99.97391017033053
98.23557949736058
97.60206251153113
108.02556080034373
98.40598468621408
87.1502894060016
103.7612422830685
107.71550655718417
102.16972512159275
101.86586024078343
99.21553774849431
103.40980195714751
94.82266767313948
101.91404662312016
101.8782425017743
103.08135294127153
97.00065142272238
104.73343944335474
107.9902140799595
96.65907555870915
103.30493930899401
103.5053944879732
99.79561359722508
101.70187230314414
99.47797857346656
91.9176322948983
100.99198640485865
105.42921079167685
105.8059504887133
98.40858675035375
102.74053016944006
96.22480320108636
106.9724357329371
89.34950615274543
99.370812932733
105.41759421659292
93.12876925456735
104.55855741449767
95.56608726911314
95.58989958407292
96.21505550340817
94.81205368092284
99.22429513650238
104.78088596556078
96.26922577857493
104.41799041183992
102.92032048386729
94.62835638299862
94.99174628041632
96.84722029460681
102.63183055699744
96.94245499914345
93.55233883453025
94.09213204796777
96.70181715124599
97.96133053527288
91.72587727706194
97.43872121845303
98.19631593987398
91.88837871244102
94.50588253663796
90.56526020438093
98.97603905705154
90.90189371768197
91.2925334597949
85.24335127343095
94.7645120338095
95.96807274818752
94.46252816425161
94.67477759645138
95.15976775135042
92.22214457660002
99.98075398278178
91.77802872407722
77.99366672067097
94.67373186139581
97.57435654899132
96.58337553569271
86.44799890467507
99.36662105818687
103.51687962574415
92.06291440177657
101.75906211571157
92.12152854987738
91.95048180460262
104.32072000086414
97.57573776376844
98.07363793306821
101.02188889692275
97.92257424232528
96.25748878177285
88.88658025173427
94.96548174809317
93.56334530538491
91.10895815294188
95.88955691289932
92.26131432584546
104.33926024700084
102.7789836827747
89.67806221319958
79.340373639274
90.74787486077604
100.76878592213141
92.5789078921807
97.4581138732095
94.25454095287286
87.87090145519122
94.6550297758807
101.14481635111201
80.6625388943367
95.85989564640029
94.95378182076082
100.13134514936306
92.03898969603736
95.06859672923481
95.24641150770574
94.59178119335279
103.21326725449222
98.33732957945286
89.4929250525482
95.53517700192248
99.25445983908666
97.9632087179509
90.26608124796256
89.01241445622898
98.31937884177825
84.04133201238938
97.9088176739929
86.37980418544578
82.860208636728
93.76209436252162
93.6611424061074
95.54859879010777
91.39941938590985
72.90491750884775
74.78074750661979
88.20682662078553
94.87922157874381
98.73845265404873
89.7351937247648
84.7335231806145
86.98479426386677
90.343809433181
88.86711087787165
86.4602088209941
86.00237753840823
83.74701405491764
88.31791127707154
87.98090669258116
81.38847176836939
73.40003625850501
82.6831653616265
87.8049642420254
85.5960056129828
75.07576542941133
54.162302623936796
68.2397564125286
73.14123149729039
87.72551214737095
84.57783083985956
85.27938129021854
82.12724176718338
83.73199080678766
88.8074358493998
89.0941017460431
76.59015415579785
91.5883941463011
78.42067396789362
77.34504230562392
88.32526227116675
87.41926053816677
85.92088678222645
86.3323470325514
87.77716427232939
85.64161550119648
83.69147398265754
88.99692609016094
86.39543551921682
88.71894100359988
85.6528331944263
65.44356380910051
85.56047700021924
77.29701035631174
93.30149269052852
84.20016429973194
80.57196948157139
79.70483025637655
73.75250756941027
89.21741006442652
78.94781279179773
72.37557340701636
89.08995765173452
85.76726629042219
80.85032234816674
92.60249913442249
87.3927890328782
88.99956394551191
85.77720776253166
91.28537413854784
89.79568031686253
85.5241952941242
87.22768346368139
87.04566693762474
102.20257345018753
82.21000017171568
81.23354946097125
95.52617168965328
86.79213878654265
98.69604838989666
88.66653059874002
87.80178817902588
86.9754332215828
85.49832356292558
85.14889039606598
99.17349987456456
99.68246118798714
89.41636949595805
98.92838637397585
103.94025101470436
103.13106143750812
97.90888142460429
100.81216250060648
95.63428499041287
95.8965472050009
102.20733733235164
85.17846683288673
82.84074579158961
80.8644409504324
78.05687258306344
74.65648937420931
